0,0,0,0,0,0,0,0,0,0,0,0,0,0,0,0,0,0,0,0,0,0,0,0,0,0,0,0,0,0,0,0,0,0,0,0,0,0,0,0,0,0,0,0,0,0,0,0,0,0,0,0,0,0,0,0,0,0,0,0,0,0,0,0,0,0,0,0,0,0,0,0,0,0,0,0,0,0,0,0,0,0,0,0,0,0,0,0,0,0,0,0,0,0,0,0,0,0,0,0,0,0,0,0,0,0,0,0,0,0,0,0,0,0,0,0,0,0,0,0,0,0,0,0,0,0,0,0,0,0,0,0,0,0,0,0,0,0,0,0,0,0,0,0,0,0,0,0,0,0,0,0,0,0,0,0,0,0,0,0,0,0,0,0,0,0
0,0,283,657,14,728,90,42,36,816,303,26,666,124,33,123,12,905,0,298,798,268,76,527,103,125,185,149,154,310,37,1088,67,383,26,514,430,18,554,1003,469,119,352,55,18,605,42,46,970,253,560,218,373,82,1251,403,582,164,88,10,27,65,392,116,212,167,67,506,817,603,218,328,763,326,252,101,44,244,5,8,540,281,320,0,157,21,1214,275,231,22,269,45,658,530,940,197,309,182,168,5,898,5,404,323,178,1056,15,59,337,563,146,893,357,202,648,4,229,53,19,388,510,153,100,92,172,810,662,769,349,41,147,3,863,436,597,39,141,59,222,419,670,139,92,60,68,148,405,436,287,341,1,443,963,60,401,270,176,60,448,100,60,217,143,89,560,51
0,283,0,237,28,451,104,21,358,966,258,20,585,64,48,119,9,460,0,263,332,153,58,395,53,122,54,143,59,273,45,611,21,208,82,151,264,10,793,695,529,473,322,50,12,187,60,226,458,381,540,221,867,444,446,344,438,90,103,16,64,13,246,208,125,45,122,611,819,493,90,610,565,637,75,210,49,546,2,117,142,51,184,0,374,33,1287,163,126,22,151,56,200,429,437,53,364,95,26,12,755,5,290,247,356,539,140,28,274,433,57,619,157,118,104,12,176,66,18,285,410,31,91,59,204,490,430,356,389,25,34,2,601,328,325,85,154,120,94,40,417,117,246,11,299,409,771,397,140,313,5,712,685,84,429,121,112,12,287,101,129,702,106,92,122,114
0,657,237,0,24,470,60,17,49,599,345,12,623,76,26,81,5,692,0,234,434,110,80,311,55,226,64,137,76,212,26,849,32,174,13,507,350,16,453,655,367,527,271,70,11,362,25,44,523,222,478,282,461,164,842,279,555,120,80,8,47,41,253,104,157,78,86,426,766,592,159,267,610,361,165,88,30,200,0,18,209,114,204,0,205,16,992,136,189,12,230,23,362,351,456,93,218,127,108,7,635,2,215,180,153,674,30,24,319,447,88,584,233,115,381,6,134,29,5,278,322,96,58,54,97,896,464,457,188,21,93,2,640,329,325,48,210,66,145,193,579,129,104,17,81,228,527,380,230,299,3,375,622,23,510,173,179,28,267,60,45,274,136,89,218,15
0,14,28,24,0,11,3,2,2,51,9,0,19,6,3,1,1,24,0,12,20,4,3,17,2,9,2,6,1,3,3,33,1,18,0,11,21,0,48,23,42,25,17,3,0,8,1,5,20,13,21,16,65,2,18,7,34,5,2,0,1,0,7,5,6,0,4,25,41,28,4,5,14,18,7,10,0,6,0,3,10,3,1,0,12,2,47,3,4,0,1,1,13,16,32,1,9,7,3,0,37,0,2,7,14,25,1,2,4,27,0,17,16,10,5,3,3,1,1,9,11,0,1,1,5,22,25,27,5,3,1,0,25,11,22,9,5,5,7,0,12,2,8,0,15,5,60,40,4,19,0,20,16,1,40,6,12,0,18,0,4,28,11,5,6,1
0,728,451,470,11,4,64,84,149,502,459,40,1030,283,15,65,20,2329,0,409,802,397,326,777,116,201,253,146,366,639,109,1328,59,320,120,958,581,9,1275,1726,819,270,662,37,30,539,91,413,807,388,711,512,444,183,1710,958,467,135,223,4,56,72,358,283,410,108,266,697,898,1142,456,570,1286,524,118,227,146,808,10,10,254,108,615,0,87,12,1473,197,510,13,402,145,802,914,695,152,639,118,55,51,1331,23,929,1435,65,934,78,76,503,1002,324,1017,181,184,362,2,700,66,49,640,1080,301,43,41,273,591,748,854,511,32,266,5,1373,1138,942,45,341,82,431,436,813,380,67,65,64,151,412,870,532,322,9,318,1268,74,465,291,169,94,155,215,131,207,162,125,555,31
0,90,104,60,3,64,0,12,16,149,72,3,136,8,29,13,2,135,0,69,47,19,26,52,17,28,14,50,5,26,7,138,4,52,2,28,57,4,138,68,74,66,33,12,1,49,3,17,60,66,53,25,45,55,52,38,59,18,14,6,23,10,24,23,21,4,12,53,80,107,18,43,81,81,18,25,3,107,1,4,43,15,15,0,63,12,112,9,11,6,16,21,63,47,105,9,74,13,7,4,119,0,16,39,140,94,14,9,25,53,11,160,34,50,32,1,30,17,6,30,75,11,30,13,51,122,69,56,78,9,20,2,35,39,90,6,18,36,18,9,76,32,10,3,9,70,109,77,15,31,4,163,97,10,60,20,40,2,68,11,13,123,33,10,23,18
0,42,21,17,2,84,12,0,8,24,47,2,41,33,1,11,5,102,0,65,53,32,27,53,14,13,31,9,23,56,6,89,5,28,4,41,26,1,67,90,54,15,45,5,6,53,13,28,44,17,28,53,31,2,66,39,84,25,18,6,13,6,22,19,40,10,22,24,46,53,21,20,83,59,15,27,16,45,0,1,25,8,62,0,22,3,65,4,39,0,19,24,88,61,54,13,18,12,3,2,53,1,74,18,10,54,8,5,25,122,14,54,21,20,25,2,58,8,3,42,86,22,25,16,45,23,35,48,30,2,29,1,71,59,84,3,16,11,31,17,60,25,7,3,3,8,17,78,109,19,5,22,45,11,27,13,13,12,9,14,12,9,13,12,10,12
0,36,358,49,2,149,16,8,0,360,91,34,203,9,10,69,4,121,0,155,28,73,57,174,12,19,59,62,40,154,39,182,30,63,47,38,30,8,264,497,132,84,64,36,5,91,27,217,210,185,213,22,265,330,124,106,103,21,93,10,16,0,92,109,40,10,62,221,298,258,21,115,293,337,21,93,7,369,1,108,21,7,118,0,127,11,345,62,126,4,61,35,96,157,72,50,97,14,7,6,318,1,189,114,42,295,45,30,144,87,12,326,21,21,14,1,48,124,4,189,193,6,47,22,32,64,148,42,57,1,13,4,428,184,37,13,29,28,8,21,186,75,52,6,6,332,126,142,29,15,4,269,306,46,54,46,42,3,68,26,49,236,73,5,14,28
0,816,966,599,51,502,149,24,360,0,745,53,1046,287,61,360,4,911,0,193,748,319,111,458,99,387,104,234,220,248,12,1606,41,300,12,525,587,18,1141,1051,1022,907,492,88,19,303,78,41,894,514,896,493,2777,607,1113,827,791,142,117,8,70,51,434,176,284,72,137,890,1661,1466,282,291,901,669,90,347,31,591,8,208,963,305,130,0,496,22,2487,243,373,26,309,19,616,889,1298,219,494,138,130,18,1468,2,301,482,388,1386,24,51,342,729,147,887,623,290,1094,12,98,82,14,453,250,56,28,129,126,734,1131,815,403,48,192,4,1224,445,1050,163,380,72,236,88,1011,73,232,42,243,467,1325,771,165,755,4,1197,1233,69,1009,184,252,12,606,97,52,890,434,121,623,20
0,303,258,345,9,459,72,47,91,745,2,45,622,410,27,150,32,865,0,894,521,344,104,370,60,96,77,87,318,571,40,1261,44,272,87,457,397,8,588,820,925,140,276,122,16,305,128,91,489,291,572,1158,188,231,471,502,1168,127,171,13,50,29,380,345,238,116,163,465,970,513,219,213,711,499,200,183,221,616,12,39,215,185,241,0,284,11,1124,93,421,5,149,56,441,823,656,125,272,127,53,23,553,5,600,214,140,838,192,45,349,498,70,554,421,78,473,7,510,47,17,257,491,90,55,89,130,477,802,578,361,53,147,1,933,249,640,10,265,95,69,95,1411,79,51,48,22,164,295,458,323,459,21,469,417,29,199,123,119,27,118,113,79,135,158,99,326,262
0,26,20,12,0,40,3,2,34,53,45,0,35,13,1,9,3,67,0,39,43,33,20,36,7,2,16,10,13,34,1,81,1,8,4,21,18,2,51,69,43,11,12,6,1,17,11,7,36,19,45,40,34,24,49,23,69,8,10,0,3,2,24,19,17,7,6,13,63,23,7,24,35,41,10,10,16,48,1,2,13,4,19,0,19,0,54,12,27,0,17,5,41,61,35,2,20,7,2,2,64,0,25,14,5,45,8,4,25,50,0,60,9,7,16,0,40,1,3,33,30,4,2,8,10,13,42,44,40,6,13,0,59,19,36,4,4,6,7,9,67,4,12,2,3,21,15,31,34,5,3,53,61,0,22,14,7,2,13,11,4,25,6,4,19,14
0,666,585,623,19,1030,136,41,203,1046,622,35,0,315,47,166,15,1206,0,537,664,251,164,1033,66,109,66,176,418,399,75,1275,38,298,92,410,612,14,1245,1114,677,336,486,110,18,365,92,266,862,441,624,367,485,426,1098,678,847,109,280,11,51,52,274,216,330,55,249,625,763,647,289,233,878,639,211,183,79,883,3,78,354,180,301,0,344,14,1477,232,341,20,222,69,646,876,958,130,459,122,64,20,960,11,580,582,278,972,72,32,379,806,127,1353,416,245,480,4,342,76,14,468,943,224,63,105,208,714,695,660,524,25,211,0,940,711,909,30,220,110,274,114,992,165,214,97,29,380,546,1015,312,399,6,794,948,213,307,158,293,23,472,194,116,563,220,117,462,37
0,124,64,76,6,283,8,33,9,287,410,13,315,0,3,40,12,634,0,218,188,125,41,193,23,30,30,32,214,271,17,485,11,127,35,145,181,2,212,374,376,43,137,16,12,149,15,85,142,61,157,282,97,2,122,192,522,56,80,4,19,14,98,84,196,22,100,212,309,137,68,122,391,230,45,71,44,257,2,2,76,88,114,1,76,2,365,28,282,1,37,18,162,246,240,60,154,34,28,20,156,10,331,25,34,233,24,5,132,152,9,130,196,33,237,2,179,19,8,61,254,26,7,31,53,121,230,251,86,7,75,2,428,93,399,6,140,62,26,27,211,56,26,35,14,16,66,268,123,185,1,130,70,14,59,39,24,3,117,42,37,19,64,69,144,42
0,33,48,26,3,15,29,1,10,61,27,1,47,3,0,9,0,31,0,16,38,11,4,20,7,5,1,18,3,10,0,34,4,32,0,10,19,0,51,20,29,29,8,3,2,6,9,5,26,20,27,5,28,31,40,29,24,6,1,0,1,6,5,4,12,2,3,26,25,24,7,23,30,34,9,2,1,46,3,5,30,12,5,0,30,0,72,6,3,3,7,2,18,15,59,1,29,3,0,0,53,1,4,31,50,39,2,3,6,9,8,75,16,18,10,1,5,9,1,9,30,2,2,7,23,47,23,10,28,2,4,0,20,25,24,2,0,16,10,1,32,5,6,3,9,31,83,43,2,17,0,62,36,6,11,11,21,1,35,2,2,43,10,5,5,0
0,123,119,81,1,65,13,11,69,360,150,9,166,40,9,0,5,108,0,175,106,74,39,116,20,39,31,41,43,97,15,140,13,73,13,93,71,6,124,220,147,63,49,11,6,51,23,55,180,94,141,78,220,100,95,80,146,52,32,7,16,15,84,74,65,31,68,125,248,54,33,45,132,183,79,61,14,139,1,95,73,41,44,0,36,14,112,32,63,4,57,19,105,137,167,27,76,15,15,3,127,4,97,36,56,212,19,10,89,88,5,169,111,52,109,1,83,20,5,91,47,21,70,36,16,117,180,124,92,9,25,0,782,114,113,16,57,33,40,19,223,39,29,8,16,65,125,91,50,77,6,144,106,17,81,21,35,8,26,26,29,83,45,20,72,38
0,12,9,5,1,20,2,5,4,4,32,3,15,12,0,5,0,28,0,24,20,16,6,18,7,0,10,5,6,27,2,36,9,11,2,15,8,0,13,29,27,4,11,4,2,14,5,11,17,8,9,16,5,2,10,9,24,3,2,1,2,2,7,11,4,4,11,16,22,7,1,8,25,33,2,6,12,22,1,0,4,6,13,0,5,1,13,5,7,0,8,8,10,16,12,4,10,6,3,0,11,0,16,2,3,10,11,9,13,27,0,18,7,1,2,0,21,5,1,6,18,3,6,7,14,5,13,37,17,2,6,0,21,8,25,0,4,7,3,3,25,8,0,0,0,0,4,16,17,2,3,8,6,1,9,7,1,3,3,6,3,6,4,3,19,12
0,905,460,692,24,2329,135,102,121,911,865,67,1206,634,31,108,28,0,0,778,893,729,404,999,131,281,268,302,517,1108,94,1824,96,469,158,1089,863,12,1255,1885,988,393,452,56,47,752,106,428,1572,474,844,822,592,173,1810,1246,1067,193,309,16,116,89,502,493,591,197,439,932,1600,1301,147,713,1505,693,124,243,223,816,15,32,737,232,736,0,231,27,2602,186,594,11,447,105,832,1117,1102,147,750,197,130,76,1516,31,1244,329,76,1128,136,85,632,1369,128,1353,234,177,624,6,774,89,27,719,1045,351,44,151,313,807,1006,1584,709,78,485,2,2417,1114,1513,55,337,160,145,394,1438,349,115,100,71,148,636,1021,802,405,20,436,1177,125,651,390,138,121,124,356,160,114,274,323,718,123
0,0,0,0,0,0,0,0,0,0,0,0,0,0,0,0,0,0,0,0,0,0,0,0,0,0,0,0,0,0,0,0,0,0,0,0,0,0,0,0,0,0,0,0,0,0,0,0,0,0,0,0,0,0,0,0,0,0,0,0,0,0,0,0,0,0,0,0,0,0,0,0,0,0,0,0,0,0,0,0,0,0,0,0,0,0,0,0,0,0,0,0,0,0,0,0,0,0,0,0,0,0,0,0,0,0,0,0,0,0,0,0,0,0,0,0,0,0,0,0,0,0,0,0,0,0,0,0,0,0,0,0,0,0,0,0,0,0,0,0,0,0,0,0,0,0,0,0,0,0,0,0,0,0,0,0,0,0,0,0,0,0,0,0,0,0
0,298,263,234,12,409,69,65,155,193,894,39,537,218,16,175,24,778,0,0,520,328,208,475,50,118,96,102,203,668,84,990,43,249,88,326,301,12,538,816,579,138,226,75,19,244,68,184,779,292,412,864,506,100,236,272,1055,127,208,28,68,24,250,432,158,117,218,389,866,377,106,176,840,568,146,138,131,426,7,0,212,88,267,0,351,62,662,58,270,2,133,70,415,720,519,103,196,93,38,14,498,9,422,89,31,650,164,57,306,601,51,696,135,80,164,6,504,137,27,354,512,180,226,114,144,299,561,492,326,42,152,2,931,405,429,40,154,126,65,87,1133,143,65,51,53,230,177,486,314,217,16,234,622,58,264,113,82,33,160,309,157,99,181,95,229,315
0,798,332,434,20,802,47,53,28,748,521,43,664,188,38,106,20,893,0,520,0,290,189,415,134,180,199,101,143,262,35,1184,60,420,28,554,428,6,880,868,798,357,402,57,18,341,58,114,749,615,506,581,536,96,919,377,686,131,130,15,34,55,231,289,245,98,165,527,920,742,281,196,752,541,195,147,161,267,5,14,309,254,320,0,211,10,950,99,223,3,264,37,582,727,926,112,364,138,86,3,886,3,257,269,146,788,104,66,269,776,146,705,316,229,447,6,524,41,26,425,307,221,48,79,247,532,757,799,483,70,184,5,928,519,641,55,218,90,226,155,788,146,100,55,101,95,586,444,341,483,8,399,805,60,578,228,169,25,338,176,54,281,197,94,469,82
0,268,153,110,4,397,19,32,73,319,344,33,251,125,11,74,16,729,0,328,290,0,151,396,32,56,53,63,116,305,30,575,11,145,30,295,234,2,397,623,295,74,150,30,19,219,70,126,415,134,236,266,133,62,388,285,415,77,80,12,20,27,174,216,100,82,121,209,487,247,70,143,504,270,30,49,110,354,4,23,216,104,222,0,117,12,521,46,127,2,92,45,324,382,388,72,166,72,41,8,432,4,413,80,29,325,83,25,235,810,31,551,165,42,238,3,287,36,11,223,327,120,28,57,131,322,334,359,239,19,135,3,590,303,371,16,67,48,54,154,455,99,35,70,13,81,109,331,280,106,8,142,447,53,114,95,53,26,127,134,43,100,90,48,180,103
0,76,58,80,3,326,26,27,57,111,104,20,164,41,4,39,6,404,0,208,189,151,0,185,32,41,84,37,35,89,19,342,18,44,15,184,177,1,336,393,113,24,76,16,11,87,6,116,320,76,121,90,118,26,245,137,143,40,46,15,17,17,81,93,87,42,108,104,166,116,39,42,165,184,20,45,35,250,3,10,61,28,138,0,35,15,150,22,42,0,95,41,190,303,295,15,52,35,14,3,299,1,130,45,11,112,31,10,80,285,19,362,53,27,63,1,225,13,6,355,92,116,33,15,75,67,172,258,156,14,97,3,263,277,214,5,46,25,53,47,329,61,33,20,5,40,60,102,159,56,2,67,327,17,76,64,25,9,33,111,34,55,35,38,105,41
0,527,395,311,17,777,52,53,174,458,370,36,1033,193,20,116,18,999,0,475,415,396,185,2,36,130,125,92,178,659,100,1173,33,236,117,506,401,11,703,1000,707,242,280,24,14,334,52,429,1120,211,452,411,515,17,511,732,650,139,268,23,83,26,262,323,221,95,329,500,888,371,72,432,997,680,214,180,130,672,5,4,224,122,464,0,246,13,1044,132,317,1,112,110,368,709,431,77,427,106,92,43,594,21,736,82,119,504,163,47,367,439,24,577,222,154,229,2,388,106,27,235,766,126,111,63,92,489,501,584,295,28,157,3,1138,544,562,70,215,132,104,102,594,224,95,31,83,88,302,750,291,323,29,325,512,140,370,177,92,39,264,170,189,171,132,114,196,156
0,103,53,55,2,116,17,14,12,99,60,7,66,23,7,20,7,131,0,50,134,32,32,36,0,35,141,36,19,39,4,126,27,41,3,87,54,6,101,141,65,32,51,15,2,80,5,16,66,33,51,50,83,61,162,50,84,27,19,3,6,7,49,25,57,28,10,61,90,63,26,37,98,83,12,18,6,76,4,9,54,36,70,0,26,6,166,20,24,1,63,9,66,83,116,12,57,39,7,5,141,1,48,38,20,107,10,11,30,98,19,165,35,31,28,2,81,12,9,85,54,17,11,14,78,82,65,109,64,23,19,0,110,68,97,7,27,14,29,25,106,24,22,9,13,39,60,62,67,40,0,93,99,5,66,80,26,5,42,7,13,56,17,15,65,9
0,125,122,226,9,201,28,13,19,387,96,2,109,30,5,39,0,281,0,118,180,56,41,130,35,0,99,55,25,73,16,408,22,52,22,141,109,3,233,228,149,325,119,9,3,135,8,48,169,66,174,109,278,14,206,169,224,67,34,13,18,29,108,49,44,12,72,232,580,407,53,72,176,199,37,56,7,72,5,5,109,65,59,0,56,31,473,20,84,1,177,33,155,161,158,26,62,24,35,3,224,5,74,97,55,330,24,18,314,249,38,108,128,92,297,7,71,14,10,47,71,9,64,16,28,243,188,204,36,7,41,1,451,184,122,39,110,26,63,27,327,69,29,7,69,26,495,181,53,282,1,170,149,23,356,41,48,10,49,53,32,75,157,21,77,46
0,185,54,64,2,253,14,31,59,104,77,16,66,30,1,31,10,268,0,96,199,53,84,125,141,99,0,37,18,123,46,316,63,64,17,113,110,4,182,245,168,41,60,30,5,150,6,57,116,75,96,71,99,6,211,90,104,44,42,12,30,7,68,72,91,48,62,138,280,184,27,54,348,225,17,25,22,97,2,2,41,33,230,0,80,10,161,8,77,0,147,41,117,208,208,26,54,71,10,6,203,1,87,40,4,201,37,37,97,255,5,161,34,49,85,2,162,119,33,47,84,51,29,43,157,69,134,202,124,28,38,1,265,170,274,12,55,37,89,17,198,72,11,25,5,43,115,102,133,78,4,41,132,32,126,134,25,10,19,27,44,10,111,29,137,34
0,149,143,137,6,146,50,9,62,234,87,10,176,32,18,41,5,302,0,102,101,63,37,92,36,55,37,2,36,116,11,236,14,91,15,108,86,6,207,219,104,129,58,31,0,107,13,49,179,108,156,56,83,99,202,242,132,44,29,4,28,12,88,63,54,24,30,152,252,165,54,82,367,119,33,47,12,122,8,23,75,36,75,0,154,14,257,45,68,9,65,22,121,135,157,30,107,32,24,1,179,1,86,52,118,208,18,16,74,164,29,224,44,34,98,1,67,31,8,123,188,21,45,24,61,188,119,132,125,9,42,1,220,109,143,15,50,36,27,40,161,48,29,11,23,125,168,126,77,75,1,199,162,26,106,51,40,14,126,35,24,158,39,25,91,16
0,154,59,76,1,366,5,23,40,220,318,13,418,214,3,43,6,517,0,203,143,116,35,178,19,25,18,36,0,312,34,473,11,84,78,100,191,4,262,565,410,29,164,6,10,121,26,83,205,47,106,280,68,3,196,222,371,41,90,6,21,11,74,99,205,31,69,154,301,150,69,135,390,203,24,53,100,430,2,2,147,69,119,0,93,1,409,20,215,1,48,28,164,245,214,58,226,23,34,3,143,5,387,42,14,224,50,14,144,177,31,99,111,35,213,0,231,13,8,63,385,36,10,29,69,106,618,203,132,20,74,1,428,116,396,6,122,40,33,31,269,80,11,19,5,15,38,293,142,110,4,84,134,20,52,57,17,12,73,44,48,8,46,45,86,57
0,310,273,212,3,639,26,56,154,248,571,34,399,271,10,97,27,1108,0,668,262,305,89,659,39,73,123,116,312,6,174,841,38,310,136,222,331,16,359,1363,610,40,142,58,15,310,62,158,757,232,369,452,182,111,303,507,711,103,259,29,99,9,265,461,264,129,238,446,1297,326,19,334,1076,647,167,149,171,578,5,2,310,123,361,0,364,65,729,95,436,1,104,78,386,587,262,128,373,67,82,54,349,25,1074,27,20,593,171,60,395,500,14,388,120,15,165,8,523,188,23,146,593,49,178,84,71,226,516,466,280,35,112,5,1094,377,509,14,177,200,34,55,692,155,41,29,7,177,39,499,323,78,11,141,443,64,96,166,24,31,169,168,189,98,176,126,179,283
0,37,45,26,3,109,7,6,39,12,40,1,75,17,0,15,2,94,0,84,35,30,19,100,4,16,46,11,34,174,0,114,7,12,31,34,30,0,70,178,65,7,53,2,1,64,2,53,86,44,43,26,61,2,49,54,64,38,33,9,31,6,25,71,13,1,89,63,192,89,25,22,176,139,11,12,2,83,3,0,22,12,100,0,75,14,95,6,78,0,33,42,35,124,34,29,8,4,7,3,33,1,86,7,4,94,35,7,63,87,4,57,18,8,25,1,86,106,5,32,114,8,43,15,11,18,55,24,11,6,14,0,231,81,39,1,64,54,4,20,67,77,6,3,1,34,11,62,32,19,0,17,19,16,24,43,3,7,9,13,34,6,67,11,22,38
0,1088,611,849,33,1328,138,89,182,1606,1261,81,1275,485,34,140,36,1824,0,990,1184,575,342,1173,126,408,316,236,473,841,114,2,141,438,140,925,874,14,1220,1456,1366,541,508,96,43,780,105,313,1304,475,965,869,671,161,2267,1112,1386,349,312,58,127,77,529,497,575,186,385,1084,2092,1127,261,665,2058,1255,365,327,227,756,10,39,635,375,666,0,427,61,2586,258,672,2,608,179,961,1235,1344,211,649,284,176,65,1639,34,947,288,203,1212,255,130,789,1265,118,1337,763,285,1036,11,770,132,79,723,1111,368,253,173,372,948,1186,1126,590,88,328,13,2129,977,1323,88,520,220,245,464,1704,499,149,116,117,283,839,953,831,863,19,879,1389,146,931,483,201,118,378,330,236,216,358,231,867,266
0,67,21,32,1,59,4,5,30,41,44,1,38,11,4,13,9,96,0,43,60,11,18,33,27,22,63,14,11,38,7,141,0,11,9,41,31,1,32,96,70,13,13,7,0,46,4,14,68,23,53,19,23,3,77,25,59,21,18,2,15,2,26,22,46,9,15,42,71,29,12,30,93,61,12,20,9,14,6,2,12,12,75,0,6,15,65,8,22,0,33,18,38,63,73,8,19,39,8,1,84,1,19,7,1,68,20,17,36,58,3,40,19,6,37,1,66,17,6,19,26,14,33,16,30,39,44,45,41,6,20,1,123,26,86,1,20,14,7,21,60,38,4,5,0,28,23,24,52,29,1,27,57,10,39,42,8,7,20,21,22,7,20,9,45,25
0,383,208,174,18,320,52,28,63,300,272,8,298,127,32,73,11,469,0,249,420,145,44,236,41,52,64,91,84,310,12,438,11,0,25,209,200,4,257,408,284,169,150,60,5,168,37,48,272,236,206,202,226,220,265,246,320,49,81,11,31,25,105,122,137,62,94,223,375,204,74,156,458,295,76,152,38,270,0,19,146,78,150,0,192,8,507,34,126,6,69,15,224,256,286,44,234,63,40,28,329,9,249,106,110,254,36,40,99,276,50,356,101,109,104,4,150,13,6,161,229,41,32,45,93,241,297,256,182,15,52,2,389,244,291,31,85,70,52,41,401,44,40,22,41,156,229,282,104,112,7,254,301,29,165,59,74,24,133,83,44,183,81,47,117,65
0,26,82,13,0,120,2,4,47,12,87,4,92,35,0,13,2,158,0,88,28,30,15,117,3,22,17,15,78,136,31,140,9,25,0,22,27,0,62,235,124,1,87,3,3,68,10,121,115,27,45,32,46,0,32,85,93,13,56,3,8,2,38,59,32,18,55,69,140,32,6,37,159,116,7,13,17,196,2,2,16,3,74,0,59,5,130,3,79,0,21,24,30,100,19,11,41,4,5,4,20,4,184,7,1,82,41,13,109,73,1,52,8,3,6,1,70,18,4,26,171,8,25,9,25,7,136,45,36,8,11,0,219,65,64,0,63,27,9,16,103,80,4,6,0,30,3,129,51,12,4,15,23,25,7,32,3,8,7,15,40,1,19,11,30,43
0,514,151,507,11,958,28,41,38,525,457,21,410,145,10,93,15,1089,0,326,554,295,184,506,87,141,113,108,100,222,34,925,41,209,22,0,360,5,583,735,526,192,353,47,26,313,41,86,709,280,427,354,268,41,1001,415,390,117,113,6,53,62,319,189,260,108,134,472,824,708,285,357,652,289,61,109,61,208,3,5,202,163,337,0,76,10,697,115,270,2,241,38,507,650,534,154,205,86,41,18,702,3,403,251,59,717,23,49,237,642,192,552,233,147,454,1,342,17,16,376,207,182,36,35,166,431,662,672,382,44,169,0,893,528,373,33,298,69,237,267,619,294,40,35,41,82,263,337,408,331,11,293,704,19,336,196,105,99,135,150,42,120,106,53,494,69
0,430,264,350,21,581,57,26,30,587,397,18,612,181,19,71,8,863,0,301,428,234,177,401,54,109,110,86,191,331,30,874,31,200,27,360,0,7,1010,601,462,259,254,48,6,269,40,82,508,138,226,345,333,56,591,384,502,92,90,4,108,25,157,156,200,63,155,351,586,437,157,214,615,379,87,75,105,175,3,5,250,163,268,0,139,12,853,66,213,3,131,31,382,447,705,84,284,103,93,42,558,9,311,153,179,491,43,58,208,474,68,586,292,146,296,2,390,67,19,295,329,188,45,60,174,337,439,653,313,29,188,3,644,383,551,51,175,74,147,84,620,104,104,40,50,85,411,397,491,306,3,381,538,31,269,168,96,39,219,150,77,184,109,92,350,36
0,18,10,16,0,9,4,1,8,18,8,2,14,2,0,6,0,12,0,12,6,2,1,11,6,3,4,6,4,16,0,14,1,4,0,5,7,0,9,25,9,5,4,4,1,10,2,4,14,22,12,5,12,35,28,4,27,3,5,0,3,0,5,3,3,4,3,13,17,12,7,6,22,19,4,3,1,17,0,6,7,6,0,0,10,0,41,8,3,0,2,2,22,10,12,5,9,7,7,1,29,0,4,7,6,11,0,2,3,7,3,32,3,3,11,1,5,1,0,7,12,2,1,3,4,23,13,3,10,0,0,0,14,17,9,1,4,4,4,4,11,9,3,0,0,11,11,17,6,6,0,17,32,2,3,4,8,0,11,1,2,13,1,3,4,2
0,554,793,453,48,1275,138,67,264,1141,588,51,1245,212,51,124,13,1255,0,538,880,397,336,703,101,233,182,207,262,359,70,1220,32,257,62,583,1010,9,0,1365,761,632,797,97,14,707,49,391,907,348,839,602,935,442,1159,687,856,108,207,12,56,58,471,225,275,73,253,659,1141,989,424,388,960,737,126,311,143,829,5,48,287,56,441,0,393,27,1532,122,438,19,271,103,664,966,821,112,388,137,56,20,1151,3,666,591,377,1343,83,54,589,918,210,1228,384,325,509,7,430,81,16,589,919,238,37,81,309,832,769,921,671,27,227,6,1214,973,963,94,269,159,501,161,978,208,183,49,157,355,868,922,390,541,10,984,1110,127,590,251,280,22,387,210,99,742,168,124,486,42
0,1003,695,655,23,1726,68,90,497,1051,820,69,1114,374,20,220,29,1885,0,816,868,623,393,1000,141,228,245,219,565,1363,178,1456,96,408,235,735,601,25,1365,12,930,309,680,91,26,615,104,388,1426,610,866,832,782,321,1313,846,1132,191,306,18,84,74,527,411,610,241,416,958,1561,874,286,473,1547,1077,217,219,200,1121,7,103,421,207,605,0,439,42,1930,223,662,6,327,147,850,1247,770,192,622,171,124,47,1352,21,1795,628,167,1579,237,83,766,967,167,1502,381,222,427,5,889,189,31,608,1259,214,110,137,290,671,1147,928,782,82,224,5,1895,900,1035,81,383,213,349,291,1264,363,150,64,96,417,451,1096,654,296,20,620,1502,87,500,274,176,76,365,273,166,415,250,175,522,221
0,469,529,367,42,819,74,54,132,1022,925,43,677,376,29,147,27,988,0,579,798,295,113,707,65,149,168,104,410,610,65,1366,70,284,124,526,462,9,761,930,8,371,662,41,10,474,99,297,634,283,604,930,608,66,760,620,920,163,173,36,69,54,332,376,685,90,142,616,1295,1006,476,360,1132,846,169,287,162,706,15,12,464,194,420,0,339,21,1353,46,839,5,199,84,555,968,717,219,420,89,70,50,604,32,615,254,122,873,370,61,365,676,189,393,359,161,605,5,536,86,46,302,654,98,80,130,144,395,895,521,361,96,148,8,1253,329,921,139,453,109,158,131,667,164,106,56,150,135,523,737,327,555,7,426,430,124,493,193,161,26,241,91,168,171,180,151,436,189
0,119,473,527,25,270,66,15,84,907,140,11,336,43,29,63,4,393,0,138,357,74,24,242,32,325,41,129,29,40,7,541,13,169,1,192,259,5,632,309,371,0,187,32,4,103,16,21,240,331,453,267,782,401,363,245,435,52,34,5,94,27,237,54,73,13,80,343,782,669,122,158,352,454,80,65,12,186,1,51,98,23,43,0,205,5,961,62,73,12,183,3,156,304,373,25,221,64,26,1,556,1,25,183,251,355,15,44,194,395,62,286,239,155,391,8,23,23,12,250,177,20,19,35,80,387,299,325,200,26,41,4,478,273,335,162,107,72,108,36,364,49,87,9,139,191,916,475,52,360,0,553,339,34,701,115,122,1,214,20,25,472,193,63,135,7
0,352,322,271,17,662,33,45,64,492,276,12,486,137,8,49,11,452,0,226,402,150,76,280,51,119,60,58,164,142,53,508,13,150,87,353,254,4,797,680,662,187,0,23,18,261,28,213,368,105,239,384,617,10,731,255,392,89,80,9,36,45,139,76,124,11,96,302,472,579,449,126,451,331,74,146,62,358,3,1,172,63,197,0,105,21,775,45,289,0,128,73,345,506,304,99,86,55,29,6,377,4,460,368,82,479,23,37,227,386,141,247,255,237,310,8,253,77,5,308,425,130,45,40,43,566,322,343,146,13,78,2,798,406,284,71,210,47,586,107,241,204,70,20,88,59,369,569,174,477,2,192,465,51,356,75,160,20,93,43,72,190,74,103,178,38
0,55,50,70,3,37,12,5,36,88,122,6,110,16,3,11,4,56,0,75,57,30,16,24,15,9,30,31,6,58,2,96,7,60,3,47,48,4,97,91,41,32,23,0,3,53,10,7,63,80,93,79,42,113,90,44,147,19,22,1,5,4,30,15,35,16,12,35,81,61,16,31,91,62,44,17,4,108,3,9,39,17,30,0,58,6,101,14,20,1,32,4,52,41,72,13,38,30,5,2,120,1,19,19,22,110,3,5,28,81,9,187,25,27,31,0,24,3,3,63,87,9,0,35,32,102,111,31,40,6,5,1,82,61,50,1,19,9,18,14,189,5,13,7,7,93,64,56,26,21,1,136,94,11,29,26,37,7,44,16,6,69,23,16,39,6
0,18,12,11,0,30,1,6,5,19,16,1,18,12,2,6,2,47,0,19,18,19,11,14,2,3,5,0,10,15,1,43,0,5,3,26,6,1,14,26,10,4,18,3,0,14,4,4,28,13,11,21,16,9,28,20,24,2,14,0,2,0,1,11,5,3,6,15,27,19,4,9,28,16,4,8,6,33,0,3,10,5,11,0,8,0,35,5,6,1,11,2,27,19,95,6,9,2,3,0,42,0,29,13,4,28,6,2,5,30,9,41,10,6,7,2,22,2,0,24,23,10,1,4,9,35,25,18,13,4,14,0,30,14,24,0,6,7,5,5,34,7,4,2,3,10,12,13,9,13,0,19,40,1,10,15,3,1,7,12,4,9,3,9,11,5
0,605,187,362,8,539,49,53,91,303,305,17,365,149,6,51,14,752,0,244,341,219,87,334,80,135,150,107,121,310,64,780,46,168,68,313,269,10,707,615,474,103,261,53,14,2,18,182,610,250,468,256,249,50,625,267,480,124,121,12,52,51,266,132,152,52,93,397,667,378,101,303,696,269,150,113,53,301,7,5,180,117,352,0,201,7,570,125,209,3,169,88,340,380,323,95,181,131,72,6,509,6,478,127,52,489,65,63,266,526,52,388,135,56,245,5,257,55,38,229,484,141,102,63,137,460,373,428,198,30,100,6,705,303,473,27,131,80,84,188,434,158,44,32,37,102,231,280,368,188,5,168,511,69,297,231,76,48,205,70,86,103,134,81,319,64
0,42,60,25,1,91,3,13,27,78,128,11,92,15,9,23,5,106,0,68,58,70,6,52,5,8,6,13,26,62,2,105,4,37,10,41,40,2,49,104,99,16,28,10,4,18,0,9,44,62,130,111,39,56,156,27,111,23,15,4,5,5,39,110,13,16,27,67,114,44,14,20,40,95,9,32,46,178,2,24,38,8,12,0,31,3,182,28,12,2,26,9,49,107,54,11,72,10,5,4,117,1,59,117,6,165,45,7,72,62,16,151,16,18,28,0,79,4,1,53,50,13,2,4,5,30,119,46,56,3,17,0,99,77,35,5,11,18,11,8,161,9,4,6,3,21,40,49,19,23,5,30,119,13,21,15,16,5,12,28,13,30,24,14,19,83
0,46,226,44,5,413,17,28,217,41,91,7,266,85,5,55,11,428,0,184,114,126,116,429,16,48,57,49,83,158,53,313,14,48,121,86,82,4,391,388,297,21,213,7,4,182,9,0,464,69,106,76,172,15,65,308,137,44,164,22,24,14,92,106,59,17,180,233,347,95,21,218,343,364,37,54,29,464,6,4,43,8,318,0,239,16,269,11,126,2,30,94,90,230,101,36,87,10,5,9,136,18,439,58,23,92,98,27,248,190,17,290,35,19,32,1,175,41,7,148,480,40,82,58,47,48,136,153,79,3,74,5,550,287,128,9,117,57,42,49,190,124,23,12,10,102,33,227,116,32,19,73,114,126,49,73,20,12,9,127,105,17,22,36,25,20
0,970,458,523,20,807,60,44,210,894,489,36,862,142,26,180,17,1572,0,779,749,415,320,1120,66,169,116,179,205,757,86,1304,68,272,115,709,508,14,907,1426,634,240,368,63,28,610,44,464,2,403,843,358,631,70,825,696,730,228,346,26,100,57,509,417,253,217,341,847,1801,649,84,539,961,631,286,177,111,645,8,37,509,215,558,0,277,101,1121,253,260,3,219,130,655,752,786,194,345,169,191,13,1119,18,1151,137,91,975,187,98,556,923,45,1486,333,137,462,12,460,113,17,459,694,228,247,127,117,741,770,958,462,64,285,5,1666,770,529,69,243,182,88,226,1039,329,123,57,103,301,366,470,495,270,26,312,1172,167,637,308,83,134,377,342,218,111,188,128,512,173
0,253,381,222,13,388,66,17,185,514,291,19,441,61,20,94,8,474,0,292,615,134,76,211,33,66,75,108,47,232,44,475,23,236,27,280,138,22,348,610,283,331,105,80,13,250,62,69,403,2,283,166,329,488,489,200,331,74,108,9,50,17,155,150,115,37,111,263,458,347,77,155,468,394,77,146,33,450,9,61,103,66,154,0,244,15,679,112,129,9,148,38,220,296,248,51,224,64,20,3,583,4,163,303,134,676,41,32,155,331,63,606,109,82,138,4,151,103,21,192,267,65,57,51,83,287,338,240,229,20,92,2,477,401,252,38,144,91,64,57,462,101,63,16,48,314,393,234,127,167,5,534,585,27,264,120,111,68,185,73,47,386,132,44,159,64
0,560,540,478,21,711,53,28,213,896,572,45,624,157,27,141,9,844,0,412,506,236,121,452,51,174,96,156,106,369,43,965,53,206,45,427,226,12,839,866,604,453,239,93,11,468,130,106,843,283,2,489,555,382,1011,379,720,120,111,17,50,30,422,309,197,89,133,538,1192,696,135,284,691,575,191,398,100,502,4,72,208,60,278,0,252,34,1270,260,231,8,269,46,558,642,594,89,336,128,64,12,952,5,366,465,114,856,115,29,470,760,87,822,198,142,309,4,273,25,12,523,431,100,116,69,91,498,742,537,316,48,98,0,913,681,369,61,202,91,183,205,899,150,88,33,109,269,582,496,280,315,5,601,894,63,535,180,126,100,222,120,118,421,179,82,420,127
0,218,221,282,16,512,25,53,22,493,1158,40,367,282,5,78,16,822,0,864,581,266,90,411,50,109,71,56,280,452,26,869,19,202,32,354,345,5,602,832,930,267,384,79,21,256,111,76,358,166,489,0,517,83,482,185,923,69,122,24,29,46,225,355,220,68,94,377,759,645,275,159,569,401,210,153,262,486,2,15,404,73,190,0,284,5,765,22,359,0,67,20,337,713,432,122,298,73,43,13,435,9,490,152,48,564,146,22,240,646,112,287,201,120,291,3,519,12,16,231,462,80,24,57,119,283,683,454,313,69,109,5,812,224,494,69,245,70,107,65,1099,72,58,48,109,64,400,556,197,290,9,208,311,43,396,109,128,10,66,90,80,58,126,92,249,211
0,373,867,461,65,444,45,31,265,2777,188,34,485,97,28,220,5,592,0,506,536,133,118,515,83,278,99,83,68,182,61,671,23,226,46,268,333,12,935,782,608,782,617,42,16,249,39,172,631,329,555,517,2,262,605,214,625,98,92,13,71,35,282,151,143,35,202,552,1189,973,167,234,542,606,178,284,14,352,5,79,131,57,252,0,204,26,1566,88,221,4,211,56,347,599,514,32,226,94,53,13,901,1,244,273,337,715,39,42,243,685,70,512,307,264,380,11,123,128,7,434,380,57,40,68,92,489,531,509,218,39,56,4,1039,476,455,206,237,85,263,84,442,118,203,20,281,260,961,782,124,534,4,587,723,100,1013,153,178,22,260,74,73,874,150,114,232,23
0,82,444,164,2,183,55,2,330,607,231,24,426,2,31,100,2,173,0,100,96,62,26,17,61,14,6,99,3,111,2,161,3,220,0,41,56,35,442,321,66,401,10,113,9,50,56,15,70,488,382,83,262,4,368,70,164,26,51,1,9,5,113,74,78,6,29,172,200,165,24,92,324,307,63,177,3,528,3,176,26,8,2,0,271,10,682,175,26,11,122,2,139,67,188,15,245,35,6,0,531,0,21,342,82,620,6,6,115,156,36,676,18,30,18,1,12,4,2,267,116,2,14,40,39,183,295,43,142,3,11,0,146,233,49,6,13,19,31,11,410,10,51,2,24,450,285,146,6,15,2,615,604,8,78,39,101,1,171,26,7,484,40,7,21,2
0,1251,446,842,18,1710,52,66,124,1113,471,49,1098,122,40,95,10,1810,0,236,919,388,245,511,162,206,211,202,196,303,49,2267,77,265,32,1001,591,28,1159,1313,760,363,731,90,28,625,156,65,825,489,1011,482,605,368,0,402,743,242,104,12,95,90,434,243,406,132,167,810,1138,1194,650,436,1168,323,152,226,67,604,6,88,432,218,485,1,99,24,1326,338,439,21,493,45,1146,1013,1068,242,473,196,151,33,1607,5,399,1222,208,1651,33,67,601,877,487,1176,423,380,615,6,358,38,31,762,571,289,33,50,256,1002,1012,947,555,47,169,4,1470,1658,591,53,318,51,750,465,965,487,114,71,62,182,603,716,495,643,6,499,2896,59,560,315,281,102,404,102,84,315,193,111,771,21
0,403,344,279,7,958,38,39,106,827,502,23,678,192,29,80,9,1246,0,272,377,285,137,732,50,169,90,242,222,507,54,1112,25,246,85,415,384,4,687,846,620,245,255,44,20,267,27,308,696,200,379,185,214,70,402,0,417,87,167,16,54,50,246,185,223,63,232,491,799,383,96,402,999,480,89,157,50,539,2,7,271,137,301,0,191,26,900,64,326,3,132,78,322,463,514,91,423,43,41,43,363,20,738,117,231,599,82,44,360,447,38,580,265,112,390,6,258,67,8,218,438,86,26,44,109,420,453,688,357,20,144,3,972,665,625,26,192,76,84,148,840,177,64,34,31,143,432,463,240,307,9,390,384,55,223,98,88,48,222,134,108,189,114,85,314,53
0,582,438,555,34,467,59,84,103,791,1168,69,847,522,24,146,24,1067,0,1055,686,415,143,650,84,224,104,132,371,711,64,1386,59,320,93,390,502,27,856,1132,920,435,392,147,24,480,111,137,730,331,720,923,625,164,743,417,0,175,196,25,66,53,321,455,264,152,229,597,1319,580,193,241,972,1150,453,164,251,632,7,20,232,170,462,0,718,20,1768,172,445,3,286,43,580,950,754,109,312,160,106,10,768,5,711,144,214,837,237,74,481,789,71,718,504,293,551,9,543,109,31,383,817,169,107,175,213,639,817,740,413,75,160,5,1218,458,875,73,265,156,209,113,1127,132,95,46,114,246,591,870,464,599,8,662,618,62,603,190,184,43,457,159,120,282,218,171,402,400
0,164,90,120,5,135,18,25,21,142,127,8,109,56,6,52,3,193,0,127,131,77,40,139,27,67,44,44,41,103,38,349,21,49,13,117,92,3,108,191,163,52,89,19,2,124,23,44,228,74,120,69,98,26,242,87,175,0,32,11,38,27,90,83,75,16,35,117,224,150,39,84,174,116,58,75,18,100,3,7,97,54,108,0,50,25,265,44,69,1,86,35,152,190,166,37,49,40,32,3,171,5,71,52,19,187,21,23,88,125,27,180,76,48,120,3,94,23,12,100,117,50,85,60,32,157,145,132,59,9,50,0,285,106,110,14,75,40,49,90,143,75,21,14,13,35,64,92,120,114,2,101,152,21,92,69,33,21,84,46,58,36,51,22,108,58
0,88,103,80,2,223,14,18,93,117,171,10,280,80,1,32,2,309,0,208,130,80,46,268,19,34,42,29,90,259,33,312,18,81,56,113,90,5,207,306,173,34,80,22,14,121,15,164,346,108,111,122,92,51,104,167,196,32,2,12,33,13,78,94,50,34,89,275,287,140,52,147,281,226,42,55,21,250,1,0,86,40,142,0,126,17,207,17,117,2,43,47,90,180,148,40,65,18,7,4,141,3,231,11,17,182,68,43,149,142,15,235,68,23,74,2,128,46,5,83,233,42,46,40,23,124,141,144,113,17,45,0,390,202,173,6,74,62,35,42,233,88,43,10,3,82,36,170,141,66,5,102,130,34,40,35,21,14,74,80,81,62,48,37,78,45
0,10,16,8,0,4,6,6,10,8,13,0,11,4,0,7,1,16,0,28,15,12,15,23,3,13,12,4,6,29,9,58,2,11,3,6,4,0,12,18,36,5,9,1,0,12,4,22,26,9,17,24,13,1,12,16,25,11,12,0,2,1,8,24,2,3,5,16,45,24,2,9,22,41,4,7,12,33,1,0,22,6,12,0,22,7,31,4,15,0,4,14,21,29,8,8,11,0,3,0,13,1,23,4,1,21,20,2,30,15,1,7,2,3,9,0,20,8,2,4,17,4,15,6,2,4,38,14,16,3,10,0,41,8,13,0,18,5,5,2,38,16,3,3,0,7,10,10,6,7,3,8,9,7,18,8,2,1,3,3,16,3,11,5,5,25
0,27,64,47,1,56,23,13,16,70,50,3,51,19,1,16,2,116,0,68,34,20,17,83,6,18,30,28,21,99,31,127,15,31,8,53,108,3,56,84,69,94,36,5,2,52,5,24,100,50,50,29,71,9,95,54,66,38,33,2,0,4,30,68,32,2,52,62,164,87,25,56,168,140,15,14,7,31,2,4,52,22,70,0,54,17,133,9,34,0,34,14,54,96,191,24,37,11,9,2,79,3,45,10,45,57,24,10,44,81,7,41,44,27,54,1,42,48,3,34,28,12,52,12,22,43,66,50,44,4,28,1,163,49,66,7,37,51,19,22,64,41,9,10,4,34,75,37,32,44,0,80,70,15,42,32,19,13,43,10,33,60,42,15,36,25
0,65,13,41,0,72,10,6,0,51,29,2,52,14,6,15,2,89,0,24,55,27,17,26,7,29,7,12,11,9,6,77,2,25,2,62,25,0,58,74,54,27,45,4,0,51,5,14,57,17,30,46,35,5,90,50,53,27,13,1,4,0,20,19,19,4,20,23,40,55,84,24,96,42,17,8,7,42,0,3,37,22,15,0,15,3,75,11,17,0,11,8,58,62,74,15,24,11,7,0,51,1,13,36,8,60,2,2,15,34,22,129,39,19,56,2,40,5,3,40,46,5,13,8,13,55,64,40,26,4,18,0,78,65,44,7,20,9,13,36,34,19,10,5,6,5,30,41,22,37,0,30,63,7,23,33,28,7,26,18,8,10,17,13,28,6
0,392,246,253,7,358,24,22,92,434,380,24,274,98,5,84,7,502,0,250,231,174,81,262,49,108,68,88,74,265,25,529,26,105,38,319,157,5,471,527,332,237,139,30,1,266,39,92,509,155,422,225,282,113,434,246,321,90,78,8,30,20,0,119,125,43,80,351,622,332,63,201,452,309,120,115,48,202,4,26,136,48,215,0,156,40,543,130,158,4,94,58,256,320,179,72,145,94,70,5,444,4,282,104,69,468,49,12,265,372,29,368,71,30,159,3,184,26,11,162,285,69,90,32,96,322,356,358,198,29,57,1,564,211,284,24,130,52,35,92,382,103,50,22,49,129,251,210,281,178,7,217,411,31,229,141,46,61,144,79,84,177,60,51,244,93
0,116,208,104,5,283,23,19,109,176,345,19,216,84,4,74,11,493,0,432,289,216,93,323,25,49,72,63,99,461,71,497,22,122,59,189,156,3,225,411,376,54,76,15,11,132,110,106,417,150,309,355,151,74,243,185,455,83,94,24,68,19,119,2,45,84,160,253,804,182,65,105,466,425,36,79,206,371,2,68,164,42,167,0,212,45,437,48,130,1,91,47,228,436,252,65,178,43,17,5,250,5,245,46,11,365,269,29,210,425,21,280,62,33,92,3,326,113,23,208,180,57,87,40,54,92,410,290,199,35,102,4,625,239,168,11,95,116,9,123,615,85,19,21,8,97,107,122,134,93,26,128,273,37,137,100,30,15,55,107,130,58,109,65,135,204
0,212,125,157,6,410,21,40,40,284,238,17,330,196,12,65,4,591,0,158,245,100,87,221,57,44,91,54,205,264,13,575,46,137,32,260,200,3,275,610,685,73,124,35,5,152,13,59,253,115,197,220,143,78,406,223,264,75,50,2,32,19,125,45,2,35,46,229,238,218,96,199,522,208,47,101,23,236,2,19,141,85,230,0,71,3,428,56,203,1,135,9,200,312,293,54,240,88,19,18,353,12,258,98,47,255,9,24,141,309,47,281,113,56,163,3,169,10,11,143,257,43,21,64,165,186,264,241,159,32,60,1,380,181,561,14,114,42,36,81,334,59,33,37,8,86,142,220,174,117,0,156,280,30,116,113,65,19,119,35,35,85,56,63,230,24
0,167,45,78,0,108,4,10,10,72,116,7,55,22,2,31,4,197,0,117,98,82,42,95,28,12,48,24,31,129,1,186,9,62,18,108,63,4,73,241,90,13,11,16,3,52,16,17,217,37,89,68,35,6,132,63,152,16,34,3,2,4,43,84,35,0,34,90,183,50,13,31,142,91,14,14,30,54,1,3,40,24,74,0,28,0,172,14,27,0,33,7,112,136,59,19,41,28,29,1,138,0,90,22,12,172,20,7,118,94,4,95,29,15,41,3,121,3,2,51,58,27,7,11,52,91,139,137,88,22,33,0,190,95,86,3,13,26,12,25,171,27,6,9,3,12,33,68,83,34,1,27,159,4,52,39,4,4,50,44,17,19,19,17,63,57
0,67,122,86,4,266,12,22,62,137,163,6,249,100,3,68,11,439,0,218,165,121,108,329,10,72,62,30,69,238,89,385,15,94,55,134,155,3,253,416,142,80,96,12,6,93,27,180,341,111,133,94,202,29,167,232,229,35,89,5,52,20,80,160,46,34,0,134,370,174,25,82,321,343,30,88,67,252,1,14,50,26,169,0,150,20,264,12,112,0,93,61,110,297,176,9,82,11,7,10,158,7,231,55,29,178,69,17,178,232,7,274,86,42,99,1,169,57,13,101,200,66,68,27,28,65,196,200,136,11,92,2,411,343,184,7,104,155,32,39,342,111,19,14,11,40,99,184,131,97,8,106,125,48,123,77,23,18,49,116,62,38,115,53,67,67
0,506,611,426,25,697,53,24,221,890,465,13,625,212,26,125,16,932,0,389,527,209,104,500,61,232,138,152,154,446,63,1084,42,223,69,472,351,13,659,958,616,343,302,35,15,397,67,233,847,263,538,377,552,172,810,491,597,117,275,16,62,23,351,253,229,90,134,6,1083,801,98,825,897,544,118,150,131,518,4,54,351,130,366,0,259,15,1178,161,351,10,231,63,369,479,553,119,408,100,84,26,819,9,540,253,130,828,129,41,368,615,66,585,210,88,440,8,258,109,8,316,490,94,49,85,85,433,700,524,249,48,119,5,1124,460,652,63,208,113,71,178,698,148,50,17,198,208,606,482,247,284,13,387,630,74,498,212,78,61,236,73,130,250,261,83,480,86
0,817,819,766,41,898,80,46,298,1661,970,63,763,309,25,248,22,1600,0,866,920,487,166,888,90,580,280,252,301,1297,192,2092,71,375,140,824,586,17,1141,1561,1295,782,472,81,27,667,114,347,1801,458,1192,759,1189,200,1138,799,1319,224,287,45,164,40,622,804,238,183,370,1083,10,1648,131,605,1489,1147,253,282,214,679,11,32,663,240,549,0,591,48,2404,165,614,12,533,130,837,1272,918,247,497,151,144,20,1263,12,1069,309,249,1546,290,83,919,1276,100,703,498,221,1072,13,496,228,34,501,666,105,186,117,149,852,1237,992,434,88,207,8,2177,790,915,151,484,272,198,300,1435,300,214,66,238,385,1826,837,405,815,22,832,959,157,1545,370,200,84,416,184,264,463,525,156,649,325
0,603,493,592,28,1142,107,53,258,1466,513,23,647,137,24,54,7,1301,0,377,742,247,116,371,63,407,184,165,150,326,89,1127,29,204,32,708,437,12,989,874,1006,669,579,61,19,378,44,95,649,347,696,645,973,165,1194,383,580,150,140,24,87,55,332,182,218,50,174,801,1648,2,394,255,876,516,139,247,36,408,7,6,490,207,278,0,213,23,2712,91,476,1,291,56,570,863,835,267,262,74,134,20,1438,6,266,444,142,1247,62,51,511,784,230,521,416,246,899,8,294,141,17,381,299,79,47,56,90,678,900,461,301,45,120,5,1362,589,608,143,400,109,339,116,810,202,150,38,187,193,1033,686,176,724,5,582,940,82,925,206,184,23,170,77,101,290,370,61,457,37
0,218,90,159,4,456,18,21,21,282,219,7,289,68,7,33,1,147,0,106,281,70,39,72,26,53,27,54,69,19,25,261,12,74,6,285,157,7,424,286,476,122,449,16,4,101,14,21,84,77,135,275,167,24,650,96,193,39,52,2,25,84,63,65,96,13,25,98,131,394,0,42,189,138,29,100,2,85,0,5,140,54,65,0,48,10,412,31,300,3,79,3,306,473,371,95,47,23,15,7,259,1,21,390,45,369,9,15,53,121,177,165,243,194,229,0,124,18,3,200,66,76,5,21,25,177,385,131,156,11,23,1,351,242,65,10,134,45,446,41,112,61,37,23,23,25,128,268,49,252,0,247,308,15,48,49,95,3,42,14,15,76,47,22,187,6
0,328,610,267,5,570,43,20,115,291,213,24,233,122,23,45,8,713,0,176,196,143,42,432,37,72,54,82,135,334,22,665,30,156,37,357,214,6,388,473,360,158,126,31,9,303,20,218,539,155,284,159,234,92,436,402,241,84,147,9,56,24,201,105,199,31,82,825,605,255,42,0,705,351,50,88,37,322,5,17,115,55,291,0,182,21,449,61,178,4,122,54,253,161,225,55,249,65,35,32,360,12,464,61,102,230,45,30,177,358,28,381,68,39,79,3,145,20,8,321,403,55,51,42,129,191,227,381,196,17,44,3,608,230,366,19,78,61,21,254,257,131,28,21,18,188,226,291,233,93,9,258,304,87,229,138,64,80,121,75,94,186,50,95,225,27
0,763,565,610,14,1286,81,83,293,901,711,35,878,391,30,132,25,1505,0,840,752,504,165,997,98,176,348,367,390,1076,176,2058,93,458,159,652,615,22,960,1547,1132,352,451,91,28,696,40,343,961,468,691,569,542,324,1168,999,972,174,281,22,168,96,452,466,522,142,321,897,1489,876,189,705,10,1571,290,259,113,802,12,100,459,156,700,0,423,29,1635,224,662,19,356,105,610,912,734,228,688,155,137,66,924,33,968,263,184,1089,163,103,491,945,165,939,329,173,429,8,510,269,26,498,1309,157,68,129,247,646,987,715,509,72,152,8,1675,761,1030,42,317,262,249,302,856,300,85,68,91,462,618,1052,540,376,13,647,892,117,563,414,166,79,498,155,219,667,303,171,483,116
