0,0,0,0,0,0,0,0,0,0,0,0,0,0,0,0,0,0,0,0,0,0,0,0,0,0,0,0,0,0,0,0,0,0,0,0,0,0,0,0,0,0,0,0,0,0,0,0,0,0,0,0,0,0,0,0,0,0,0,0,0,0,0,0,0,0,0,0,0,0,0,0,0,0,0,0,0,0,0,0,0,0,0,0,0,0,0,0,0,0,0,0,0,0,0,0,0,0,0,0,0,0,0,0,0,0,0,0,0,0,0,0,0,0,0,0,0,0,0,0,0,0,0,0,0,0,0,0,0,0,0,0,0,0,0,0,0,0,0,0,0,0,0,0,0,0,0,0,0,0,0,0,0,0,0,0,0,0,0,0,0,0,0,0,0,0
0,0,175,261,4,411,51,21,16,481,167,12,419,63,16,59,2,504,0,140,72,153,13,226,12,82,17,76,79,180,22,581,32,15,14,259,11,3,10,403,216,23,153,39,3,123,24,25,379,17,97,140,199,3,708,202,283,98,40,4,13,27,69,57,122,12,31,260,385,321,123,177,362,155,140,2,19,134,3,9,255,39,170,0,85,5,653,102,144,6,109,16,295,269,39,80,88,120,62,2,426,0,154,202,90,69,5,8,100,233,69,434,189,137,128,1,82,11,4,44,253,100,44,45,103,372,365,384,181,17,78,1,478,218,328,6,84,23,143,40,326,94,56,31,44,70,181,257,142,137,0,144,470,23,186,94,37,13,235,55,20,122,76,38,295,23
0,175,0,43,9,217,52,0,69,520,152,0,1,44,26,64,3,239,0,143,156,4,22,78,29,15,32,69,15,146,21,308,11,109,18,33,149,5,435,288,309,258,182,20,5,83,20,99,244,176,125,108,433,195,253,193,169,8,4,0,41,11,107,96,54,14,70,0,438,324,41,19,299,306,26,101,24,223,2,81,67,23,76,0,189,13,601,9,54,12,130,21,105,1,228,21,173,40,5,8,407,7,142,164,187,283,55,29,106,20,33,265,85,31,67,1,124,38,6,174,274,16,52,41,13,23,1,163,16,4,16,1,344,130,189,56,1,77,42,25,191,64,5,0,1,374,468,2,23,188,3,454,353,0,182,8,21,9,135,47,5,361,9,34,0,58
0,261,43,0,9,225,25,3,17,335,171,2,40,54,19,52,1,316,0,141,184,26,29,51,26,49,25,75,20,72,9,392,8,104,0,125,124,10,220,236,175,102,163,39,5,121,7,16,281,125,113,158,237,84,478,138,225,48,7,2,14,22,73,51,64,32,42,45,446,321,52,28,292,211,91,41,5,100,1,5,101,43,96,0,89,7,527,26,57,3,128,13,184,36,149,41,92,53,30,2,359,2,137,95,73,280,8,8,97,62,41,421,145,58,176,0,81,10,2,112,208,54,27,33,22,108,47,231,42,5,52,1,345,163,194,20,18,23,74,69,273,63,13,5,26,112,238,40,63,218,2,253,306,5,317,40,36,16,150,37,13,191,26,23,32,3
0,4,9,9,0,11,3,0,0,21,6,0,7,1,1,3,0,9,0,8,10,2,1,1,3,23,0,1,5,2,1,16,0,2,0,3,2,0,3,3,8,19,14,3,0,1,1,1,9,3,4,20,30,3,11,5,15,12,1,0,0,0,4,0,1,0,1,6,10,21,9,1,8,5,1,5,1,12,0,2,5,5,1,0,10,1,38,2,2,0,6,0,3,3,9,0,4,4,0,1,21,0,1,7,7,6,0,0,0,7,2,8,8,8,5,0,3,3,1,7,2,2,1,2,0,5,6,14,8,0,1,0,14,4,7,2,7,3,5,0,7,1,8,0,3,3,11,17,0,15,0,5,8,3,20,1,3,0,4,1,0,9,12,4,1,0
0,411,217,225,11,0,9,46,42,250,218,26,556,0,7,2,5,14,0,164,364,245,163,417,67,82,133,79,171,356,82,757,9,187,80,240,326,7,709,770,483,134,343,16,9,301,64,4,370,207,426,308,210,110,1244,456,151,69,116,5,16,33,170,152,291,53,130,383,551,2,232,312,630,224,28,115,66,425,3,0,144,55,53,0,6,12,121,85,345,5,170,55,399,491,324,63,335,3,39,28,6,12,481,30,0,502,45,37,311,504,143,524,45,103,145,4,188,38,15,318,475,138,2,9,174,249,454,34,322,22,6,2,6,715,333,22,165,32,252,204,480,196,39,30,30,59,244,480,303,173,6,174,475,43,222,221,86,36,0,112,83,146,95,65,324,1
0,51,52,25,3,9,0,3,11,25,22,1,61,1,13,4,2,13,0,30,30,10,3,32,6,14,9,24,3,13,6,39,1,25,1,7,35,3,66,29,29,35,6,4,2,28,6,5,19,35,43,10,16,24,58,128,12,20,7,4,7,3,15,7,7,3,10,14,36,9,10,13,21,16,9,7,2,28,2,2,88,8,3,0,11,5,19,3,7,3,6,4,35,34,35,4,28,1,8,0,13,0,3,19,2,43,5,6,17,26,19,44,4,24,15,0,12,7,0,18,30,1,26,5,25,63,19,4,37,4,7,1,16,49,32,3,10,10,6,9,32,4,4,2,3,22,65,32,9,19,1,69,32,4,41,11,31,5,0,3,18,30,24,2,8,11
0,21,0,3,0,46,3,0,4,16,37,0,1,19,3,5,4,60,0,34,17,2,28,6,8,3,7,6,11,31,2,60,3,20,3,7,27,0,37,40,38,7,23,2,1,22,5,10,34,15,12,30,24,0,26,20,27,0,1,0,3,1,4,17,21,6,10,0,21,24,10,3,37,24,2,9,4,34,0,0,20,8,20,0,9,6,38,1,21,0,7,12,26,0,34,5,27,0,0,0,20,3,36,6,2,22,4,3,10,6,6,25,15,12,15,1,35,1,3,14,28,20,12,13,4,3,3,36,4,0,12,1,52,26,41,2,1,7,12,17,38,9,0,0,0,8,5,0,5,16,1,9,26,0,16,2,1,4,8,11,3,1,1,2,0,10
0,16,69,17,0,42,11,4,0,170,22,7,46,0,10,37,1,41,0,68,17,27,20,82,11,5,32,41,16,63,31,82,2,31,26,11,17,7,128,143,74,26,41,9,3,28,2,7,130,110,45,16,118,123,77,82,14,10,42,3,17,1,48,66,31,8,10,60,206,36,6,44,126,100,7,59,1,120,1,38,11,2,15,0,28,9,121,2,46,6,37,23,45,65,53,23,44,9,0,2,123,2,117,63,25,182,36,20,90,15,13,101,11,5,5,0,34,41,3,104,183,4,3,4,2,17,24,10,12,2,2,2,40,38,23,3,17,14,7,7,88,30,5,1,1,159,138,60,16,6,3,215,155,25,24,13,13,4,37,13,32,135,23,4,5,0
0,481,520,335,21,250,25,16,170,0,22,19,582,95,21,119,1,673,0,0,332,143,51,234,51,209,67,0,116,136,10,10,18,148,6,262,302,13,539,572,493,442,226,12,13,136,40,33,415,282,378,0,0,300,27,2,302,61,57,4,38,33,245,71,124,33,10,500,926,551,135,165,87,735,20,181,14,288,2,156,0,184,49,0,7,8,1298,103,189,0,147,15,341,475,669,115,275,34,55,12,410,1,167,170,283,719,13,12,180,397,2,541,8,79,426,9,67,26,4,254,0,39,18,62,68,456,548,369,212,19,60,2,1804,106,524,84,200,0,119,41,9,7,99,19,134,225,689,430,74,393,0,579,0,28,483,81,116,7,125,50,26,5,32,87,306,7
0,167,152,171,6,218,22,37,22,22,0,21,343,205,13,37,15,682,0,39,309,179,73,167,37,53,52,22,167,298,35,59,21,138,47,209,198,8,303,484,464,64,163,83,10,144,55,34,230,146,257,49,4,128,19,37,517,52,105,19,27,16,181,250,152,54,15,275,546,198,104,94,93,271,52,59,128,287,2,47,64,121,96,0,88,20,465,39,239,0,94,34,215,445,332,78,152,15,27,5,113,6,288,69,45,470,108,26,252,318,0,295,10,58,215,2,282,25,13,139,61,39,36,33,69,250,412,535,194,24,58,1,456,71,339,11,124,1,33,51,132,9,27,25,13,89,144,263,178,264,5,225,24,24,104,42,56,20,14,61,37,14,26,54,167,272
0,12,0,2,0,26,1,0,7,19,21,0,0,6,2,2,1,24,0,21,22,2,8,0,7,0,5,7,5,14,0,30,2,11,0,0,10,1,18,38,20,3,7,7,1,3,1,2,28,12,14,24,14,20,20,12,25,1,0,0,0,0,14,20,15,6,8,1,31,15,2,0,23,19,3,3,4,23,0,6,8,2,12,0,10,0,33,0,5,0,7,2,26,1,22,1,14,6,1,0,41,0,14,7,2,23,6,1,11,1,3,31,8,4,13,0,23,0,0,17,13,3,0,5,7,1,0,13,5,1,4,1,32,18,11,0,0,1,1,4,34,2,0,0,0,18,6,1,3,6,0,22,36,0,13,0,1,2,4,3,0,16,0,3,0,12
0,419,1,40,7,556,61,1,46,582,343,0,0,165,35,70,0,702,0,253,278,7,88,79,38,21,54,87,81,231,32,712,6,150,41,75,323,11,662,543,368,153,229,44,9,117,48,158,418,252,160,215,241,213,515,404,334,30,2,0,16,26,102,118,169,36,92,1,433,336,122,12,428,265,101,85,4,499,5,59,206,92,135,0,204,12,787,35,183,16,77,62,336,0,562,40,357,57,16,6,474,6,334,300,185,542,22,21,132,44,58,754,251,70,253,1,191,33,6,263,463,151,37,55,51,95,7,387,40,5,125,0,531,285,530,8,3,57,150,57,478,108,3,3,0,199,275,5,80,229,3,429,522,5,151,33,23,6,231,104,8,272,24,30,1,15
0,63,44,54,1,0,1,19,0,95,205,6,165,0,1,0,1,0,0,162,92,72,22,95,10,15,11,11,113,163,9,437,11,58,32,45,102,0,127,196,213,18,86,11,2,59,8,0,83,40,75,170,17,6,58,80,62,16,48,3,9,9,39,44,80,20,13,124,167,0,46,68,228,43,15,41,20,106,1,0,71,38,8,0,0,1,40,12,129,0,21,13,78,151,138,22,84,2,11,14,0,5,208,0,0,126,12,4,42,94,1,67,28,15,98,1,111,12,4,30,180,16,1,3,23,60,129,14,45,9,1,1,1,48,213,8,63,10,19,10,91,18,14,11,5,3,39,144,72,117,2,61,33,8,26,24,11,4,0,31,18,20,42,26,77,0
0,16,26,19,1,7,13,3,10,21,13,2,35,1,0,6,0,21,0,8,17,5,1,10,4,1,1,7,0,1,0,19,0,7,1,5,10,2,24,12,1,11,0,4,0,4,1,0,1,10,4,4,15,7,17,15,17,0,1,2,2,0,4,0,1,1,1,12,1,15,0,9,11,15,4,5,0,10,0,3,12,1,4,0,9,1,51,4,0,4,1,1,8,2,24,1,7,3,0,0,31,1,0,16,17,21,0,2,4,1,5,65,12,37,3,0,0,2,1,11,20,0,3,4,15,32,17,7,10,0,2,0,8,18,1,1,0,5,0,1,22,4,5,1,6,0,0,15,0,2,0,4,26,3,0,5,5,0,10,2,0,16,5,0,2,0
0,59,64,52,3,2,4,5,37,119,37,2,70,0,6,0,0,1,0,50,53,31,27,46,11,24,16,61,26,61,11,97,0,35,6,31,43,5,67,98,75,38,30,4,2,24,7,0,91,37,75,57,64,53,112,113,22,23,18,3,8,6,47,40,23,23,5,71,135,1,15,29,59,16,2,31,8,83,0,0,42,33,10,1,2,1,17,19,45,1,19,8,50,85,76,15,25,0,5,3,2,1,51,3,0,118,13,8,52,60,7,102,8,7,73,0,37,6,2,40,28,8,0,3,17,39,101,9,40,8,0,1,0,81,57,4,22,15,16,11,106,11,22,9,12,37,58,51,23,41,4,57,130,5,41,18,17,2,0,21,9,27,24,0,37,1
0,2,3,1,0,5,2,4,1,1,15,1,0,1,0,0,0,4,0,7,7,9,1,5,2,1,7,3,6,11,1,12,0,5,2,6,8,0,9,12,10,0,4,2,1,6,2,4,12,5,3,15,3,1,4,6,3,0,6,0,0,1,5,12,4,3,0,5,12,2,0,3,10,1,0,1,3,6,0,0,7,2,4,0,1,0,9,0,5,0,4,1,1,6,9,3,5,3,2,1,3,1,9,0,1,10,4,1,3,8,0,7,1,2,2,0,10,3,1,0,4,3,2,0,3,2,5,6,9,3,5,1,3,3,11,1,1,0,0,1,23,6,0,0,0,1,2,4,6,1,2,5,3,0,4,4,1,0,0,1,2,0,2,0,3,1
0,504,239,316,9,14,13,60,41,673,682,24,702,0,21,1,4,0,0,429,486,313,178,652,58,150,125,81,278,556,57,1436,12,232,89,261,425,6,645,970,599,185,213,8,12,366,61,2,755,256,493,238,401,97,558,388,354,72,159,9,71,36,245,259,369,79,360,545,837,1,106,383,1155,290,40,117,120,491,5,0,229,122,55,0,1,11,152,116,343,1,173,60,388,561,648,66,369,6,66,32,5,16,680,22,0,583,77,46,339,670,10,830,120,59,280,3,326,54,16,356,528,158,1,15,160,362,551,61,320,21,5,2,1,611,615,25,153,120,70,242,934,256,45,42,24,74,315,554,362,220,8,217,355,51,396,189,51,73,0,179,86,161,98,104,379,2
0,0,0,0,0,0,0,0,0,0,0,0,0,0,0,0,0,0,0,0,0,0,0,0,0,0,0,0,0,0,0,0,0,0,0,0,0,0,0,0,0,0,0,0,0,0,0,0,0,0,0,0,0,0,0,0,0,0,0,0,0,0,0,0,0,0,0,0,0,0,0,0,0,0,0,0,0,0,0,0,0,0,0,0,0,0,0,0,0,0,0,0,0,0,0,0,0,0,0,0,0,0,0,0,0,0,0,0,0,0,0,0,0,0,0,0,0,0,0,0,0,0,0,0,0,0,0,0,0,0,0,0,0,0,0,0,0,0,0,0,0,0,0,0,0,0,0,0,0,0,0,0,0,0,0,0,0,0,0,0,0,0,0,0,0,0
0,140,143,141,8,164,30,34,68,0,39,21,253,162,8,50,7,429,0,0,257,147,129,190,18,36,46,0,144,364,47,18,41,102,55,196,161,2,306,465,228,54,98,35,9,119,73,156,407,125,208,8,0,73,0,3,583,65,109,12,30,11,128,247,76,52,3,188,404,86,58,92,55,302,539,70,85,252,0,0,6,66,519,0,135,38,193,34,186,0,47,83,244,375,266,41,136,13,21,6,46,4,239,11,35,334,95,27,155,329,0,339,9,17,105,5,275,86,17,220,2,115,76,28,82,146,287,286,219,15,64,1,463,19,235,18,87,1,38,61,37,4,32,10,26,116,90,249,150,109,10,113,0,30,117,42,30,21,6,139,65,0,61,54,126,131
0,72,156,184,10,364,30,17,17,332,309,22,278,92,17,53,7,486,0,257,0,137,31,215,26,112,61,60,76,154,21,682,33,8,10,725,30,0,48,276,252,30,180,44,0,85,33,53,268,23,78,273,253,2,547,183,343,90,55,10,6,26,34,98,90,12,72,261,422,401,179,115,302,270,104,11,66,84,0,6,155,22,160,0,103,3,528,33,143,2,104,16,208,389,74,68,65,67,29,8,452,2,103,147,77,58,39,3,92,382,61,439,193,116,153,5,163,16,14,51,188,72,30,54,112,240,390,372,214,41,90,1,418,223,249,7,212,37,108,47,428,69,45,33,46,54,259,241,122,183,4,115,397,26,248,70,52,3,124,91,23,138,162,63,252,43
0,153,4,26,2,245,10,2,27,143,179,2,7,72,5,31,9,313,0,147,137,0,99,42,16,13,29,28,42,129,14,270,13,67,14,77,119,3,195,307,170,19,91,10,8,90,18,76,291,72,92,139,77,44,158,124,172,17,6,0,11,22,62,103,61,50,53,12,257,109,20,17,164,126,8,30,27,182,1,11,90,33,106,0,62,0,294,18,56,0,37,34,135,10,195,27,80,36,23,7,197,4,226,34,28,166,43,8,79,29,11,197,73,20,90,0,134,9,9,142,170,75,15,25,19,32,19,189,21,1,56,4,333,150,188,6,0,31,19,71,267,47,5,2,1,53,53,19,40,56,4,106,204,6,57,37,5,20,45,63,17,40,15,23,16,50
0,13,22,29,1,163,3,28,20,51,73,8,88,22,1,27,1,178,0,129,31,99,0,99,2,15,5,9,10,39,10,148,5,6,4,66,11,3,15,174,75,2,39,5,1,36,9,60,141,23,35,74,56,3,119,83,59,20,24,3,7,10,19,66,44,12,58,56,95,66,16,12,95,90,15,5,27,53,1,7,27,8,90,0,21,1,83,8,23,0,32,21,95,127,9,16,13,19,13,1,175,2,76,24,12,27,18,0,26,134,7,171,82,14,16,0,43,5,3,8,68,68,28,8,30,31,96,140,99,6,64,2,151,165,107,2,21,19,27,14,188,29,15,9,2,41,31,42,40,30,3,34,185,11,33,30,21,2,15,50,11,21,9,17,66,16
0,226,78,51,1,417,32,6,82,234,167,0,79,95,10,46,5,652,0,190,215,42,99,0,17,30,58,31,63,292,55,563,11,131,52,80,212,9,390,552,261,102,163,5,8,166,43,243,567,110,195,219,182,12,207,272,269,55,73,8,26,13,117,150,72,44,51,67,509,232,29,92,280,234,74,82,49,375,4,2,113,51,220,0,111,9,525,39,155,2,55,50,184,68,270,29,232,42,20,15,288,17,440,45,66,257,81,32,211,74,10,374,115,34,119,3,207,46,9,132,160,94,86,35,14,80,42,314,17,11,78,0,592,180,351,12,49,42,59,47,393,45,10,5,0,65,146,84,73,176,11,127,278,55,196,61,6,34,177,74,86,93,45,40,9,103
0,12,29,26,3,67,6,8,11,51,37,7,38,10,4,11,2,58,0,18,26,16,2,17,0,22,2,22,11,21,2,81,14,0,5,45,7,1,0,56,54,6,18,11,0,26,5,0,34,1,16,17,38,0,76,20,47,14,10,3,0,3,4,17,29,3,6,43,56,35,9,16,52,47,16,0,6,24,0,3,20,13,50,0,16,1,72,8,11,0,27,9,19,45,8,4,7,20,2,0,65,1,22,20,15,7,7,0,11,46,6,55,17,23,9,1,35,3,1,2,31,15,7,14,41,25,54,43,48,10,13,0,63,38,60,1,10,3,5,1,57,10,10,4,2,14,27,37,31,17,0,29,57,1,35,37,5,0,18,9,4,13,14,3,39,6
0,82,15,49,23,82,14,3,5,209,53,0,21,15,1,24,1,150,0,36,112,13,15,30,22,0,37,22,1,27,8,211,3,30,1,54,58,0,136,57,68,70,32,1,3,87,1,32,49,35,106,77,126,6,137,95,91,8,4,5,7,1,24,10,7,12,40,23,176,227,2,8,197,104,5,34,2,30,0,0,62,15,20,0,26,19,271,3,11,0,76,12,39,43,81,5,12,15,9,2,126,0,42,67,25,261,8,8,32,51,26,49,87,32,219,1,40,8,5,32,43,3,43,6,9,46,21,91,1,4,27,0,179,118,40,42,18,29,2,8,151,43,6,1,7,10,94,40,10,34,0,40,59,6,10,277,42,1,34,17,17,36,49,12,11,17
0,17,32,25,0,133,9,7,32,67,52,5,54,11,1,16,7,125,0,46,61,29,5,58,2,37,0,18,6,51,17,152,29,11,8,47,15,1,18,83,85,16,12,16,1,45,0,32,46,12,30,35,55,0,107,48,49,16,20,2,11,2,8,39,68,8,45,80,116,97,9,29,180,104,13,10,5,4,5,2,30,12,108,0,37,2,76,1,29,0,55,23,40,116,15,10,14,48,2,4,103,0,28,25,6,18,21,7,6,83,1,59,25,31,24,2,62,8,1,7,43,21,16,20,70,37,67,86,52,22,27,0,170,104,125,1,23,21,6,11,110,32,6,9,4,21,57,62,61,38,0,22,80,16,79,65,10,0,13,5,18,4,56,29,98,15
0,76,69,75,1,79,24,6,41,0,22,7,87,11,7,61,3,81,0,0,60,28,9,31,22,22,18,0,26,77,8,7,7,37,5,45,49,5,111,114,47,69,40,12,3,57,7,35,98,61,67,2,0,36,3,4,43,38,27,2,15,6,57,26,22,9,0,79,153,107,23,66,17,42,12,31,7,78,1,17,1,9,52,0,28,7,255,24,31,0,28,12,46,71,78,16,47,48,12,1,49,1,56,39,64,103,7,10,50,79,0,124,2,26,47,2,31,19,6,50,1,5,12,16,20,103,72,37,62,5,6,0,194,26,62,3,35,0,13,23,5,1,13,7,8,49,99,57,34,41,0,94,0,8,65,37,24,11,12,22,22,3,13,21,38,16
0,79,15,20,5,171,3,11,16,116,167,5,81,113,0,26,6,278,0,144,76,42,10,63,11,1,6,26,0,110,6,228,4,38,28,42,51,1,92,184,195,7,92,3,5,38,12,73,49,37,59,150,43,5,92,115,190,6,37,0,3,6,28,51,94,24,27,37,132,90,17,59,202,108,12,19,41,71,2,0,79,35,55,0,53,2,176,3,64,0,18,7,58,37,96,47,36,11,19,2,89,3,195,28,6,128,33,5,42,47,23,51,63,10,127,1,96,6,2,24,196,13,3,19,9,11,36,102,30,9,45,1,231,70,134,7,26,22,18,10,144,57,6,10,0,5,13,128,60,55,0,52,86,4,13,21,9,5,38,19,31,7,15,21,6,40
0,180,146,72,2,356,13,31,63,136,298,14,231,163,1,61,11,556,0,364,154,129,39,292,21,27,51,77,110,0,5,443,17,189,63,85,168,6,236,138,47,15,23,25,10,203,0,109,127,119,320,210,105,72,152,267,309,33,104,10,42,3,102,27,3,86,141,203,36,145,0,136,619,325,81,89,90,173,0,3,151,39,218,0,188,26,402,34,61,1,14,12,47,233,97,85,217,50,71,28,166,14,1,13,15,470,9,31,99,222,9,10,51,6,99,0,222,80,5,86,300,1,96,29,19,82,217,235,123,42,30,1,591,267,268,6,114,90,2,32,447,103,14,20,1,2,5,232,119,38,3,20,217,31,8,71,37,24,52,23,134,39,88,54,78,137
0,22,21,9,1,82,6,2,31,10,35,0,32,9,0,11,1,57,0,47,21,14,10,55,2,8,17,8,6,5,0,69,2,5,16,8,10,1,24,28,13,0,24,5,0,29,0,30,6,29,22,14,27,0,20,29,28,8,18,1,18,0,15,6,0,0,40,22,9,48,0,12,119,78,4,7,4,54,2,0,11,0,47,0,28,2,32,1,16,0,10,7,6,50,22,5,11,5,2,0,17,0,1,8,0,73,4,12,26,46,5,1,12,2,13,0,67,44,5,14,56,2,26,8,1,3,20,20,3,2,4,0,123,45,16,8,22,33,0,17,24,51,2,4,0,1,4,37,10,5,0,6,9,10,5,17,5,6,7,10,39,2,37,8,5,16
0,581,308,392,16,757,39,60,82,10,59,30,712,437,19,97,12,1436,0,18,682,270,148,563,81,211,152,7,228,443,69,0,72,280,77,400,494,4,665,795,697,327,261,32,21,386,52,177,683,310,610,7,19,69,24,31,1444,159,123,20,79,60,285,275,276,73,38,534,1016,779,164,349,207,319,137,156,115,403,6,2,12,158,243,0,182,23,723,111,391,0,267,62,531,629,689,82,304,151,74,28,662,12,507,140,51,710,135,61,418,690,1,730,42,112,493,5,426,63,18,350,35,168,102,99,160,519,562,635,302,59,155,4,538,100,818,34,236,4,160,216,45,34,74,48,39,113,471,488,329,462,6,418,4,63,539,159,84,78,722,164,98,7,94,88,578,120
0,32,11,8,0,9,1,3,2,18,21,2,6,11,0,0,0,12,0,41,33,13,5,11,14,3,29,7,4,17,2,72,0,11,4,24,18,0,22,23,31,5,1,17,1,26,0,2,30,16,30,8,8,2,43,12,17,6,10,1,7,2,19,4,12,6,5,14,45,10,0,18,86,25,4,7,4,5,2,0,9,5,10,0,3,9,37,2,15,0,39,10,10,26,35,4,12,1,5,0,13,0,15,5,1,37,5,10,9,37,6,19,4,5,24,0,20,13,8,14,18,7,0,0,33,6,23,3,18,7,3,0,34,23,33,0,7,4,0,9,38,16,3,2,1,15,7,7,20,10,0,6,13,3,23,18,9,5,8,14,15,3,8,2,23,0
0,15,109,104,2,187,25,20,31,148,138,11,150,58,7,35,5,232,0,102,8,67,6,131,0,30,11,37,38,189,5,280,11,0,11,95,6,1,0,186,114,2,47,24,1,29,17,32,105,8,44,107,88,6,132,143,181,30,54,5,4,6,5,42,51,3,35,125,190,108,45,72,210,152,50,1,26,86,1,5,90,7,54,0,95,1,237,23,59,5,31,11,61,146,16,11,48,28,13,0,171,4,135,46,55,9,25,0,21,134,23,227,68,43,32,1,31,5,1,12,107,21,10,20,31,126,172,134,83,10,28,0,230,122,139,2,48,20,38,5,226,32,36,8,19,68,119,152,37,76,5,111,175,13,79,16,28,0,80,39,15,106,50,34,51,27
0,14,18,0,0,80,1,3,26,6,47,0,41,32,1,6,2,89,0,55,10,14,4,52,5,1,8,5,28,63,16,77,4,11,0,4,3,0,28,105,73,1,20,1,0,22,4,60,49,10,16,16,23,1,13,37,54,2,11,1,4,1,15,24,27,5,13,20,103,21,2,17,89,48,0,12,8,38,2,1,7,3,32,0,32,4,57,3,33,0,11,16,17,19,10,15,7,2,1,1,9,1,98,2,0,22,23,2,23,17,5,19,2,1,4,0,39,9,1,7,88,3,10,4,8,2,13,13,16,2,6,0,108,35,20,0,11,20,3,8,49,40,1,1,0,13,1,45,16,7,0,5,16,6,2,6,0,2,0,3,6,0,7,10,0,25
0,259,33,125,3,240,7,7,11,262,209,0,75,45,5,31,6,261,0,196,725,77,66,80,45,54,47,45,42,85,8,400,24,95,4,0,169,2,272,273,297,81,219,18,6,146,21,40,564,145,189,180,140,26,653,255,168,40,29,4,31,39,143,165,206,49,87,103,378,188,128,100,288,129,32,54,10,68,0,5,118,50,102,0,50,3,224,42,132,0,194,12,284,154,206,58,59,37,17,3,294,1,165,64,23,341,27,27,105,165,81,224,139,57,152,1,120,10,3,150,129,56,11,20,48,140,162,195,147,10,57,3,287,228,135,8,37,47,68,105,308,110,12,10,11,44,133,112,169,141,6,171,358,7,164,63,45,62,54,64,23,66,66,17,119,18
0,11,149,124,2,326,35,27,17,302,198,10,323,102,10,43,8,425,0,161,30,119,11,212,7,58,15,49,51,168,10,494,18,6,3,169,0,4,5,354,179,14,101,24,0,51,17,50,289,14,27,205,161,2,299,248,214,63,45,4,8,14,13,72,87,7,73,209,302,278,96,112,282,124,49,13,76,61,1,4,173,13,133,0,88,0,458,25,97,2,85,22,142,261,35,39,78,47,37,2,333,4,184,75,86,18,27,2,64,256,30,299,194,69,105,0,55,16,3,23,150,88,26,28,98,205,280,369,164,6,95,0,353,194,283,4,75,34,92,7,284,51,51,25,20,37,194,202,71,155,1,175,301,26,134,60,38,0,130,83,11,115,71,31,195,20
0,3,5,10,0,7,3,0,7,13,8,1,11,0,2,5,0,6,0,2,0,3,3,9,1,0,1,5,1,6,1,4,0,1,0,2,4,0,4,13,3,0,2,1,1,4,1,1,9,0,6,0,5,0,6,3,9,4,0,0,0,1,4,3,4,5,1,4,9,5,1,0,6,10,3,0,0,11,0,2,3,1,2,0,2,0,9,2,1,0,7,1,5,6,2,0,3,1,5,0,10,0,2,2,3,5,1,0,2,5,2,12,6,2,2,0,1,0,0,1,3,3,1,1,1,6,8,1,4,0,1,0,6,5,3,0,3,2,3,0,12,2,4,0,0,9,0,9,3,2,0,8,12,3,2,1,1,0,36,3,0,7,1,1,1,1
0,10,435,220,3,709,66,37,128,539,303,18,662,127,24,67,9,645,0,306,48,195,15,390,0,136,18,111,92,236,24,665,22,0,28,272,5,4,0,588,276,34,351,49,0,61,29,174,400,18,84,295,519,5,676,418,431,61,140,7,2,24,12,82,116,7,152,368,562,525,216,162,491,323,73,3,82,216,0,23,128,11,210,0,243,2,866,55,252,3,121,36,285,576,21,61,156,69,36,3,627,2,343,340,197,21,39,1,104,477,106,500,213,204,129,1,82,16,4,30,456,127,21,37,132,390,456,477,366,13,135,0,616,480,331,5,146,88,284,17,509,117,76,47,83,200,432,548,130,248,3,348,594,73,300,78,84,0,183,133,28,399,100,65,225,14
0,403,288,236,3,770,29,40,143,572,484,38,543,196,12,98,12,970,0,465,276,307,174,552,56,57,83,114,184,138,28,795,23,186,105,273,354,13,588,0,364,72,292,45,12,375,25,273,314,156,484,407,421,91,752,476,543,40,151,11,25,29,177,178,146,95,233,348,401,333,130,202,929,570,124,107,108,391,1,54,217,51,333,0,243,10,858,84,67,4,102,22,261,613,229,115,275,103,129,33,643,13,83,152,88,473,68,31,224,386,94,139,220,100,203,1,337,61,5,194,637,39,40,58,124,191,496,522,262,63,111,2,980,602,381,18,159,88,132,177,657,209,64,50,27,170,276,555,298,114,6,285,724,43,191,600,112,28,170,31,99,223,90,88,272,115
0,216,309,175,8,483,29,38,74,493,464,20,368,213,1,75,10,599,0,228,252,170,75,261,54,68,85,47,195,47,13,697,31,114,73,297,179,3,276,364,0,84,110,29,8,139,5,156,175,104,140,503,299,37,393,228,568,50,141,13,25,8,150,20,4,33,61,386,209,549,17,241,411,430,94,131,92,415,0,5,181,136,186,0,131,6,825,29,62,1,31,14,55,526,553,44,237,43,10,6,248,2,105,141,68,279,22,16,213,395,89,66,215,141,199,0,234,16,15,171,238,11,63,66,103,235,572,301,93,31,83,2,658,122,216,14,203,41,16,44,347,63,62,27,71,36,103,358,160,166,4,139,221,62,141,43,50,11,108,23,60,93,152,99,279,104
0,23,258,102,19,134,35,7,26,442,64,3,153,18,11,38,0,185,0,54,30,19,2,102,6,70,16,69,7,15,0,327,5,2,1,81,14,0,34,72,84,0,101,13,1,69,18,12,109,9,110,177,374,17,181,137,205,5,12,2,3,10,1,27,31,4,28,141,423,394,16,88,205,179,28,11,8,68,1,20,57,4,11,0,112,4,557,14,17,7,84,0,57,120,27,9,114,32,22,0,334,0,24,97,143,88,11,1,44,186,45,123,118,69,101,0,5,5,0,22,97,13,7,21,42,208,124,139,89,15,16,0,249,176,145,30,76,41,42,5,214,26,50,5,91,105,398,165,5,140,1,307,217,20,362,50,96,0,116,13,18,238,45,32,71,2
0,153,182,163,14,343,6,23,41,226,163,7,229,86,0,30,4,213,0,98,180,91,39,163,18,32,12,40,92,23,24,261,1,47,20,219,101,2,351,292,110,101,0,11,4,98,5,101,42,47,130,209,312,3,462,128,302,19,72,2,11,0,76,10,14,15,48,139,64,278,2,75,178,165,31,72,24,55,0,1,97,35,100,0,58,5,374,28,40,0,25,28,22,395,160,22,24,15,6,2,222,0,147,199,48,142,12,12,49,201,62,71,133,143,109,0,205,2,7,136,262,6,44,18,27,154,226,158,29,0,61,3,340,185,59,39,111,27,7,60,109,88,54,18,63,10,11,322,92,53,1,58,202,37,5,30,34,3,90,12,13,89,47,102,92,12
0,39,20,39,3,16,4,2,9,12,83,7,44,11,4,4,2,8,0,35,44,10,5,5,11,1,16,12,3,25,5,32,17,24,1,18,24,1,49,45,29,13,11,0,0,26,5,1,34,54,47,39,5,63,14,6,11,4,14,1,3,3,9,8,20,8,1,14,37,10,5,18,13,4,2,7,2,68,2,0,9,6,16,0,0,0,20,6,13,0,17,2,28,15,29,7,12,10,14,0,12,2,12,10,1,73,1,5,9,41,1,88,34,2,19,1,25,0,1,43,25,5,0,4,9,54,27,17,30,6,3,1,15,30,23,4,2,2,4,9,163,2,3,1,3,56,21,27,6,7,0,70,14,1,22,13,28,0,6,5,5,21,5,1,14,3
0,3,5,5,0,9,2,1,3,13,10,1,9,2,0,2,1,12,0,9,0,8,1,8,0,3,1,3,5,10,0,21,1,1,0,6,0,1,0,12,8,1,4,0,0,2,1,2,15,1,7,6,4,2,15,7,21,5,4,0,2,3,2,9,2,0,4,9,12,7,2,2,9,4,2,0,6,7,0,2,8,1,5,0,7,1,20,1,6,0,3,0,9,5,1,0,4,4,3,0,20,0,11,1,1,1,3,0,1,17,1,18,8,5,1,1,2,2,0,2,13,1,2,1,4,7,8,13,12,1,10,0,19,12,12,0,2,2,4,1,19,2,6,1,1,2,5,7,8,0,0,7,15,2,4,2,1,0,7,2,3,1,1,2,3,5
0,123,83,121,1,301,28,22,28,136,144,3,117,59,4,24,6,366,0,119,85,90,36,166,26,87,45,57,38,203,29,386,26,29,22,146,51,4,61,375,139,69,98,26,2,0,15,95,241,38,78,126,105,15,377,136,207,95,48,4,13,12,109,51,60,13,49,127,247,222,98,90,289,104,92,19,21,89,4,4,98,38,195,0,95,2,313,63,146,1,80,30,129,124,101,26,44,68,14,2,256,3,231,55,24,109,30,9,106,171,22,454,78,59,76,3,82,13,18,54,281,78,57,42,70,123,153,214,112,6,61,2,381,117,161,5,58,27,51,36,192,79,23,14,13,35,76,150,172,82,3,40,223,36,107,34,11,7,80,22,25,39,92,44,69,33
0,24,20,7,1,64,6,5,2,40,55,1,48,8,1,7,2,61,0,73,33,18,9,43,5,1,0,7,12,0,0,52,0,17,4,21,17,1,29,25,5,18,5,5,1,15,0,1,19,21,97,34,16,42,86,16,62,2,9,4,1,1,18,0,2,11,15,24,1,30,2,8,27,42,2,8,27,36,0,4,23,9,7,0,15,1,86,8,0,1,1,0,12,45,38,2,29,4,2,2,39,0,1,71,4,83,30,4,28,36,2,3,7,7,12,1,24,2,2,17,28,0,0,5,2,13,45,23,18,5,9,1,44,81,4,1,3,5,1,14,65,11,2,1,0,0,3,21,16,1,0,9,76,2,5,9,17,1,2,0,7,19,8,3,6,24
0,25,99,16,1,4,5,10,7,33,34,2,158,0,0,0,4,2,0,156,53,76,60,243,0,32,32,35,73,109,30,177,2,32,60,40,50,1,174,273,156,12,101,1,2,95,1,0,246,34,82,31,100,7,27,82,17,25,95,4,13,7,38,60,35,5,140,114,158,5,7,111,213,119,10,29,22,250,2,0,19,8,37,0,1,10,42,4,88,0,22,71,48,137,75,16,60,0,2,7,1,2,218,1,0,49,41,13,134,97,1,154,4,6,14,0,75,23,4,79,225,34,1,3,16,13,69,8,34,2,0,1,1,146,65,5,43,39,13,29,111,120,15,6,4,55,12,114,56,19,10,30,38,76,19,26,4,5,1,37,61,17,13,16,36,1
0,379,244,281,9,370,19,34,130,415,230,28,418,83,1,91,12,755,0,407,268,291,141,567,34,49,46,98,49,127,6,683,30,105,49,564,289,9,400,314,175,109,42,34,15,241,19,246,0,144,272,130,299,40,498,433,341,58,186,18,61,5,277,75,18,50,189,368,108,310,4,278,458,359,157,99,75,215,1,11,358,169,297,0,179,15,557,144,26,5,24,18,77,541,424,33,86,68,35,9,556,2,70,61,52,361,14,37,383,481,18,120,162,57,179,1,205,21,17,169,375,14,130,53,70,316,508,431,207,19,201,2,920,378,65,33,118,120,9,78,497,192,80,38,65,9,13,292,324,36,11,68,587,100,10,89,36,69,208,71,81,131,108,70,289,77
0,17,176,125,3,207,35,15,110,282,146,12,252,40,10,37,5,256,0,125,23,72,23,110,1,35,12,61,37,119,29,310,16,8,10,145,14,0,18,156,104,9,47,54,1,38,21,34,144,0,113,113,161,19,276,105,191,40,46,4,9,4,5,55,47,1,62,150,240,176,54,80,244,209,43,7,15,189,2,42,64,1,73,0,143,4,368,52,64,10,53,14,67,162,41,26,76,25,14,0,304,0,84,161,61,25,17,6,23,212,26,470,61,37,39,1,52,11,3,29,135,32,39,29,43,182,152,140,121,8,48,0,225,179,106,2,70,42,29,14,231,53,26,6,19,149,173,134,46,40,3,204,288,15,112,44,46,4,94,35,19,203,85,16,62,20
0,97,125,113,4,426,43,12,45,378,257,14,160,75,4,75,3,493,0,208,78,92,35,195,16,106,30,67,59,320,22,610,30,44,16,189,27,6,84,484,140,110,130,47,7,78,97,82,272,113,0,268,274,115,511,172,279,119,30,6,23,13,116,100,62,16,100,199,483,406,114,115,262,212,102,32,48,553,0,23,105,28,122,0,116,21,665,60,217,6,71,38,212,194,115,35,103,67,11,4,400,4,142,205,64,257,44,8,329,298,40,419,117,80,118,2,85,17,4,104,192,55,81,31,56,206,250,343,142,15,58,1,437,203,197,6,141,33,118,33,502,74,42,20,32,59,156,165,101,177,6,79,424,29,241,45,32,11,124,75,13,176,184,35,207,95
0,140,108,158,20,308,10,30,16,0,49,24,215,170,4,57,15,238,0,8,273,139,74,219,17,77,35,2,150,210,14,7,8,107,16,180,205,0,295,407,503,177,209,39,6,126,34,31,130,113,268,0,0,45,7,2,477,29,72,15,10,16,108,201,133,22,5,190,397,377,139,64,83,78,39,58,158,311,0,3,41,53,117,0,77,3,499,10,203,0,61,8,205,351,225,79,145,37,26,13,214,7,263,81,19,287,97,12,183,282,0,133,5,56,155,1,236,11,12,95,2,61,6,26,71,144,385,358,190,36,46,2,324,21,309,37,138,1,59,26,48,6,31,28,60,38,170,326,133,116,10,115,2,41,212,44,47,3,71,43,35,4,16,92,148,165
0,199,433,237,30,210,16,24,118,0,4,14,241,17,15,64,3,401,0,0,253,77,56,182,38,126,55,0,43,105,27,19,8,88,23,140,161,5,519,421,299,374,312,5,4,105,16,100,299,161,274,0,0,164,12,0,256,37,49,8,41,18,168,64,77,23,7,273,598,394,87,127,60,593,26,107,15,206,1,58,0,38,121,0,34,13,804,52,105,0,110,50,172,321,355,35,139,26,22,1,267,1,128,124,165,327,27,20,122,323,0,234,1,84,147,3,69,59,4,207,0,38,19,40,40,264,297,509,110,12,24,0,1042,51,211,86,137,1,129,57,8,6,93,21,161,158,531,432,60,306,6,313,0,31,510,43,79,6,18,39,48,7,45,63,127,6
0,3,195,84,3,110,24,0,123,300,128,20,213,6,7,53,1,97,0,73,2,44,3,12,0,6,0,36,5,72,0,69,2,6,1,26,2,0,5,91,37,17,3,63,2,15,42,7,40,19,115,45,164,0,219,34,91,12,33,1,1,4,23,55,64,1,15,111,117,78,25,45,156,183,38,3,1,294,1,91,12,4,3,0,129,2,280,97,13,7,54,5,5,43,2,2,74,10,3,0,287,0,10,183,56,6,5,1,13,68,23,294,12,18,8,2,0,0,1,6,68,3,11,20,28,92,150,25,77,1,6,0,79,126,23,1,4,9,13,0,227,7,39,0,7,247,132,113,8,7,0,299,301,16,34,15,37,0,81,10,2,258,18,5,7,1
0,708,253,478,11,1244,58,26,77,27,19,20,515,58,17,112,4,558,0,0,547,158,119,207,76,137,107,3,92,152,20,24,43,132,13,653,299,6,676,752,393,181,462,14,15,377,86,27,498,276,511,7,12,219,0,5,273,99,64,9,36,62,203,132,210,71,11,319,608,715,336,272,206,150,88,126,33,272,1,14,1,84,237,1,10,8,1649,177,233,0,336,23,494,588,565,148,246,118,92,17,704,0,207,757,37,823,19,30,306,473,4,624,9,122,471,5,217,10,22,397,5,139,3,40,75,479,541,132,281,31,48,4,451,183,300,25,160,2,393,243,25,11,35,31,43,107,326,365,214,359,3,345,30,40,302,147,175,49,42,71,46,9,39,51,382,4
0,202,193,138,5,456,128,20,82,2,37,12,404,80,15,113,6,388,0,3,183,124,83,272,20,95,48,4,115,267,29,31,12,143,37,255,248,3,418,476,228,137,128,6,7,136,16,82,433,105,172,2,0,34,5,0,88,55,104,7,43,20,132,87,105,44,9,293,485,221,52,227,64,133,24,72,31,291,3,0,5,61,177,0,15,4,601,38,155,0,80,40,192,311,267,69,196,32,23,12,192,9,396,93,247,294,43,25,208,196,2,336,14,24,256,0,154,28,9,96,1,42,5,32,49,219,267,129,194,6,250,1,806,31,298,9,118,1,48,61,44,2,28,22,6,76,205,268,146,179,5,209,6,38,125,62,37,24,3,74,48,2,22,34,154,6
0,283,169,225,15,151,12,27,14,302,517,25,334,62,17,22,3,354,0,583,343,172,59,269,47,91,49,43,190,309,28,1444,17,181,54,168,214,9,431,543,568,205,302,11,21,207,62,17,341,191,279,477,256,91,273,88,0,62,92,14,32,29,150,249,225,70,119,220,620,180,69,124,380,103,55,99,44,354,7,7,131,97,114,0,38,7,361,48,157,3,104,20,452,347,373,51,188,47,40,2,143,3,363,43,13,413,135,26,210,329,18,369,128,52,235,6,268,54,18,208,514,83,13,13,90,311,361,187,181,35,62,4,181,220,415,31,98,67,147,57,675,102,64,24,43,108,263,376,188,304,3,333,287,27,354,92,67,11,66,88,55,105,95,49,148,28
0,98,8,48,12,69,20,0,10,61,52,1,30,16,0,23,0,72,0,65,90,17,20,55,14,8,16,38,6,33,8,159,6,30,2,40,63,4,61,40,50,5,19,4,5,95,2,25,58,40,119,29,37,12,99,55,62,0,9,4,6,2,36,27,11,10,21,15,51,103,0,29,160,49,30,23,4,45,0,1,46,16,36,0,27,17,154,9,2,1,73,23,18,30,93,50,32,47,32,1,84,1,12,29,4,125,13,8,21,20,12,24,77,17,95,0,58,9,3,72,48,4,49,18,7,35,30,71,9,10,27,0,147,85,23,11,18,17,4,43,62,42,6,3,3,7,14,14,23,39,3,39,77,6,22,22,37,14,32,16,48,10,12,5,37,21
0,40,4,7,1,116,7,1,42,57,105,0,2,48,1,18,6,159,0,109,55,6,24,73,10,4,20,27,37,104,18,123,10,54,11,29,45,0,140,151,141,12,72,14,4,48,9,95,186,46,30,72,49,33,64,104,92,9,0,0,4,7,36,62,40,14,36,11,158,76,13,27,133,86,16,19,6,94,0,1,40,14,67,0,61,11,107,6,28,0,21,22,73,7,76,17,34,8,2,1,69,2,143,9,6,128,39,8,44,8,13,134,30,10,41,3,102,24,4,50,150,11,25,17,8,9,8,82,4,3,40,0,225,97,86,3,3,31,13,20,118,27,7,1,0,47,35,2,17,40,3,56,66,5,27,1,2,5,33,27,13,30,11,6,0,21
0,4,0,2,0,5,4,0,3,4,19,0,0,3,2,3,0,9,0,12,10,0,3,8,3,5,2,2,0,10,1,20,1,5,1,4,4,0,7,11,13,2,2,1,0,4,4,4,18,4,6,15,8,1,9,7,14,4,0,0,3,1,1,17,2,2,6,0,29,8,0,3,9,15,1,3,6,14,0,0,9,1,7,0,7,3,21,0,3,0,6,6,14,2,6,4,6,4,0,0,4,1,12,0,1,6,12,1,6,3,5,4,4,2,9,1,13,5,2,0,11,6,6,2,0,0,1,6,1,0,10,0,20,5,2,2,0,3,2,1,17,6,2,1,0,3,5,1,2,2,1,4,1,0,1,0,2,0,3,9,2,2,2,1,0,14
0,13,41,14,0,16,7,3,17,38,27,0,16,9,2,8,0,71,0,30,6,11,7,26,0,7,11,15,3,42,18,79,7,4,4,31,8,0,2,25,25,3,11,3,2,13,1,13,61,9,23,10,41,1,36,43,32,6,4,3,0,4,5,39,11,3,32,21,86,42,10,31,73,42,7,11,0,12,3,4,30,2,33,0,33,10,78,4,11,1,9,5,37,47,12,16,12,2,10,1,29,0,23,1,31,29,7,6,14,13,6,13,32,5,12,2,20,18,4,3,21,9,16,7,11,20,38,40,11,3,9,0,77,28,30,4,22,36,11,3,21,26,2,1,2,21,51,17,4,28,1,52,30,2,20,13,6,1,22,2,15,19,12,10,9,14
0,27,11,22,0,33,3,1,1,33,16,0,26,9,0,6,1,36,0,11,26,22,10,13,3,1,2,6,6,3,0,60,2,6,1,39,14,1,24,29,8,10,0,3,3,12,1,7,5,4,13,16,18,4,62,20,29,2,7,1,4,0,4,2,1,4,3,14,6,36,5,17,23,19,11,11,3,21,0,0,24,16,11,0,4,1,41,10,1,0,4,1,1,40,51,9,5,3,1,0,29,0,1,22,6,20,0,5,16,22,10,5,15,15,19,0,15,2,2,21,26,0,4,7,6,23,36,17,14,0,4,2,57,20,7,3,14,6,0,9,20,13,2,3,4,0,0,30,13,12,0,6,28,0,1,6,5,2,30,1,2,11,11,5,29,2
0,69,107,73,4,170,15,4,48,245,181,14,102,39,4,47,5,245,0,128,34,62,19,117,4,24,8,57,28,102,15,285,19,5,15,143,13,4,12,177,150,1,76,9,2,109,18,38,277,5,116,108,168,23,203,132,150,36,36,1,5,4,0,58,67,15,27,145,354,167,11,100,232,136,59,10,18,66,2,9,78,9,74,0,68,10,298,42,37,1,93,26,159,169,10,18,36,55,36,1,259,0,165,69,28,42,20,5,46,161,27,182,42,15,74,1,57,11,1,13,131,47,53,19,34,131,130,187,83,27,29,0,310,112,129,9,60,25,20,16,227,62,24,7,29,73,136,84,54,58,5,102,241,13,153,80,42,1,80,33,44,83,23,17,90,59
0,57,96,51,0,152,7,17,66,71,250,20,118,44,0,40,12,259,0,247,98,103,66,150,17,10,39,26,51,27,6,275,4,42,24,165,72,3,82,178,20,27,10,8,9,51,0,60,75,55,100,201,64,55,132,87,249,27,62,17,39,2,58,0,2,32,82,140,26,116,1,83,202,240,18,38,111,214,1,19,82,16,98,0,130,18,227,46,28,1,2,7,14,234,153,16,71,17,6,0,156,0,0,41,8,144,4,10,129,249,11,9,46,16,21,1,217,53,21,130,108,1,47,16,29,41,245,175,102,9,52,0,308,110,37,5,49,53,2,63,334,46,20,10,1,4,3,89,97,25,1,13,143,27,7,17,3,9,39,18,38,36,70,35,80,137
0,122,54,64,1,291,7,21,31,124,152,15,169,80,1,23,4,369,0,76,90,61,44,72,29,7,68,22,94,3,0,276,12,51,27,206,87,4,116,146,4,31,14,20,2,60,2,35,18,47,62,133,77,64,210,105,225,11,40,2,11,1,67,2,0,20,33,118,17,110,4,129,209,180,40,49,19,125,0,21,61,50,91,0,32,1,258,39,1,1,5,1,18,153,243,20,120,49,1,4,137,4,1,47,24,98,0,13,45,163,22,15,81,53,77,0,112,4,8,109,137,0,16,24,104,98,163,175,39,12,47,3,188,65,90,2,57,25,2,31,192,30,11,17,9,0,5,133,89,45,0,45,118,13,1,28,6,12,31,12,12,34,39,42,124,9
0,12,14,32,0,53,3,6,8,33,54,6,36,20,1,23,3,79,0,52,12,50,12,44,3,12,8,9,24,86,0,73,6,3,5,49,7,5,7,95,33,4,15,8,0,13,11,5,50,1,16,22,23,1,71,44,70,10,14,2,3,4,15,32,20,0,24,31,78,34,10,13,45,50,14,6,16,20,1,3,38,10,35,0,19,0,78,12,16,1,11,5,33,67,9,12,7,18,6,0,88,0,44,10,2,7,15,2,13,38,5,107,22,5,8,1,21,3,0,5,27,16,7,6,24,40,47,54,72,6,14,0,102,46,34,0,13,12,5,4,104,8,2,6,1,10,15,29,45,14,0,6,96,0,17,18,2,2,13,14,3,7,13,5,20,23
0,31,70,42,1,130,10,10,10,10,15,8,92,13,1,5,0,360,0,3,72,53,58,51,6,40,45,0,27,141,40,38,5,35,13,87,73,1,152,233,61,28,48,1,4,49,15,140,189,62,100,5,7,15,11,9,119,21,36,6,32,3,27,82,33,24,0,56,193,21,13,39,42,486,10,29,21,175,0,20,6,12,120,0,111,11,84,10,54,0,30,67,48,157,91,9,52,5,5,4,25,5,135,14,12,124,33,13,81,105,0,141,8,14,46,2,122,33,7,76,12,32,37,22,13,46,78,160,51,9,36,1,190,33,87,5,41,3,27,4,14,8,12,7,4,12,56,70,35,70,0,50,5,27,69,42,11,6,5,48,30,1,29,33,43,21
0,260,0,45,6,383,14,0,60,500,275,1,1,124,12,71,5,545,0,188,261,12,56,67,43,23,80,79,37,203,22,534,14,125,20,103,209,4,368,348,386,141,139,14,9,127,24,114,368,150,199,190,273,111,319,293,220,15,11,0,21,14,145,140,118,31,56,0,928,354,18,31,443,218,52,73,12,218,0,29,162,84,151,0,144,8,579,36,109,3,126,25,233,3,290,50,208,48,18,19,417,7,361,124,74,391,51,20,108,53,29,260,96,15,191,7,160,50,7,167,302,26,18,35,30,53,15,303,24,13,49,1,598,174,363,24,3,55,32,79,344,85,4,1,0,115,293,11,45,175,7,221,374,4,306,19,10,34,141,37,6,142,50,23,1,45
0,385,438,446,10,551,36,21,206,926,546,31,433,167,1,135,12,837,0,404,422,257,95,509,56,176,116,153,132,36,9,1016,45,190,103,378,302,9,562,401,209,423,64,37,12,247,1,158,108,240,483,397,598,117,608,485,620,51,158,29,86,6,354,26,17,78,193,928,0,898,18,366,657,556,119,130,105,296,1,25,271,176,253,0,273,16,1268,115,70,1,45,15,76,587,501,42,139,79,19,12,638,4,4,155,116,611,16,38,444,727,53,95,255,71,376,2,250,103,13,236,349,0,89,62,74,433,752,532,191,27,89,4,1232,411,134,64,284,126,46,142,806,172,90,28,111,12,87,474,255,134,2,152,551,91,83,147,39,44,194,32,93,235,253,67,395,195
0,321,324,321,21,2,9,24,36,551,198,15,336,0,15,1,2,1,0,86,401,109,66,232,35,227,97,107,90,145,48,779,10,108,21,188,278,5,525,333,549,394,278,10,7,222,30,5,310,176,406,377,394,78,715,221,180,103,76,8,42,36,167,116,110,34,21,354,898,0,197,104,415,115,23,114,17,171,1,0,386,141,32,0,0,11,21,36,253,4,172,26,272,499,387,83,110,2,71,7,1,1,139,10,0,618,31,25,292,423,134,221,125,120,307,4,105,96,6,181,151,45,1,20,44,333,404,38,162,31,0,2,1,401,277,75,182,40,150,61,406,77,56,19,88,110,524,328,86,369,2,313,391,52,494,82,127,11,0,44,53,222,324,25,236,2
0,123,41,52,9,232,10,10,6,135,104,2,122,46,0,15,0,106,0,58,179,20,16,29,9,2,9,23,17,0,0,164,0,45,2,128,96,1,216,130,17,16,2,5,2,98,2,7,4,54,114,139,87,25,336,52,69,0,13,0,10,5,11,1,4,10,13,18,18,197,0,11,302,59,16,40,0,33,0,2,121,12,19,1,31,2,233,7,1,0,21,2,24,141,143,44,31,14,28,7,133,0,1,190,39,268,0,15,15,44,92,12,124,60,172,0,42,3,1,140,42,0,4,12,14,80,96,54,7,2,11,1,183,216,12,21,51,12,1,31,74,45,15,6,1,3,18,96,14,56,1,63,145,7,7,19,221,3,24,3,13,42,22,4,56,2
0,177,19,28,1,312,13,3,44,165,94,0,12,68,9,29,3,383,0,92,115,17,12,92,16,8,29,66,59,136,12,349,18,72,17,100,112,0,162,202,241,88,75,18,2,90,8,111,278,80,115,64,127,45,272,227,124,29,27,3,31,17,100,83,129,13,39,31,366,104,11,0,356,127,20,40,1,97,1,20,62,21,131,0,110,7,250,11,75,0,99,23,136,23,101,17,145,40,3,6,175,4,235,30,80,116,29,16,65,41,15,140,38,16,47,2,82,14,3,139,252,14,22,21,18,35,15,195,24,8,24,0,303,117,154,4,3,41,11,150,126,105,5,2,0,101,221,41,88,44,1,166,141,23,152,18,3,46,61,29,45,97,17,17,3,22
0,362,299,292,8,630,21,37,126,87,93,23,428,228,11,59,10,1155,0,55,302,164,95,280,52,197,180,17,202,619,119,207,86,210,89,288,282,6,491,929,411,205,178,13,9,289,27,213,458,244,262,83,60,156,206,64,380,160,133,9,73,23,232,202,209,45,42,443,657,415,302,356,0,405,132,144,66,474,8,81,66,87,290,0,1666,12,594,100,375,1,171,55,295,305,426,90,371,95,76,27,253,17,509,87,17,550,80,48,363,428,28,490,118,75,175,4,276,157,24,275,28,89,63,51,148,324,376,190,261,40,61,2,771,145,482,23,142,11,92,119,175,29,50,33,22,247,221,414,253,192,13,340,85,46,226,129,55,55,258,105,128,8,182,99,225,44
0,155,306,211,5,224,16,24,100,735,271,19,265,43,15,16,1,290,0,302,270,126,90,234,47,104,104,42,108,325,78,319,25,152,48,129,124,10,323,570,430,179,165,4,4,104,42,119,359,209,212,78,593,183,150,133,103,49,86,15,42,19,136,240,180,50,486,218,556,115,59,127,405,0,36,125,11,348,10,0,66,57,145,0,78,28,254,41,129,4,125,60,242,354,327,51,207,16,16,12,69,11,249,27,0,370,147,32,178,247,12,381,21,31,148,4,227,101,26,203,312,51,9,15,60,205,315,84,164,43,22,0,231,309,293,18,95,204,68,27,323,214,46,12,46,231,229,257,92,168,9,371,123,29,409,92,89,11,14,72,85,672,53,27,68,15
0,140,26,91,1,28,9,2,7,20,52,3,101,15,4,2,0,40,0,539,104,8,15,74,16,5,13,12,12,81,4,137,4,50,0,32,49,3,73,124,94,28,31,2,2,92,2,10,157,43,102,39,26,38,88,24,55,30,16,1,7,11,59,18,40,14,10,52,119,23,16,20,132,36,0,27,4,49,0,0,20,26,27,0,7,13,47,92,43,0,12,6,95,43,73,5,71,12,14,7,11,6,81,4,2,117,4,6,32,65,2,155,14,15,45,1,44,5,5,36,141,37,47,6,8,122,66,20,36,13,7,1,53,31,78,10,28,11,11,12,46,15,11,5,10,39,48,62,41,50,1,39,69,2,79,25,19,3,9,6,14,6,8,9,51,7
0,2,101,41,5,115,7,9,59,181,59,3,85,41,5,31,1,117,0,70,11,30,5,82,0,34,10,31,19,89,7,156,7,1,12,54,13,0,3,107,131,11,72,7,0,19,8,29,99,7,32,58,107,3,126,72,99,23,19,3,11,11,10,38,49,6,29,73,130,114,40,40,144,125,27,0,5,36,1,20,57,6,52,0,45,3,183,22,49,2,46,19,55,166,7,27,24,27,11,2,158,1,51,64,28,16,8,1,24,46,27,52,45,26,34,3,16,6,0,5,60,17,30,15,14,66,91,48,35,4,22,0,186,98,79,4,27,26,36,7,80,33,16,10,18,64,107,89,15,57,1,93,153,8,67,64,36,1,45,12,26,65,24,15,51,10
0,19,24,5,1,66,2,4,1,14,128,4,4,20,0,8,3,120,0,85,66,27,27,49,6,2,5,7,41,90,4,115,4,26,8,10,76,0,82,108,92,8,24,2,6,21,27,22,75,15,48,158,15,1,33,31,44,4,6,6,0,3,18,111,19,16,21,12,105,17,0,1,66,11,4,5,0,94,0,0,16,2,25,0,9,0,73,0,19,0,11,7,47,61,34,0,71,8,2,0,39,0,87,2,3,39,45,3,31,53,1,58,4,4,8,1,94,8,9,31,68,6,3,10,9,1,50,76,27,11,27,0,56,37,77,2,8,9,2,17,161,9,1,1,0,4,14,23,19,9,5,7,39,0,20,2,1,5,5,25,6,1,14,5,1,8
0,134,223,100,12,425,28,34,120,288,287,23,499,106,10,83,6,491,0,252,84,182,53,375,24,30,4,78,71,173,54,403,5,86,38,68,61,11,216,391,415,68,55,68,7,89,36,250,215,189,553,311,206,294,272,291,354,45,94,14,12,21,66,214,125,20,175,218,296,171,33,97,474,348,49,36,94,0,1,79,141,15,143,0,241,9,412,33,168,9,33,56,129,279,122,40,64,16,17,7,298,4,376,119,65,332,97,11,80,238,37,146,103,35,66,1,33,6,5,137,449,14,29,52,39,79,301,143,162,10,72,1,445,386,129,7,58,57,12,47,491,95,30,12,6,45,18,362,91,8,12,30,353,71,17,53,106,4,69,33,68,213,89,44,54,124
0,3,2,1,0,3,2,0,1,2,2,0,5,1,0,0,0,5,0,0,0,1,1,4,0,0,5,1,2,0,2,6,2,1,2,0,1,0,0,1,0,1,0,2,0,4,0,2,1,2,0,0,1,1,1,3,7,0,0,0,3,0,2,1,0,1,0,0,1,1,0,1,8,10,0,1,0,1,0,0,0,0,2,0,1,0,3,1,0,0,0,2,1,4,5,0,2,1,0,0,6,0,1,1,1,2,0,0,3,4,0,2,2,0,0,0,8,1,0,0,5,0,0,2,1,0,1,0,0,0,22,0,2,0,0,0,0,3,0,0,6,0,2,0,0,0,0,2,3,0,0,0,3,0,1,0,0,0,3,0,0,1,1,2,0,0
0,9,81,5,2,0,2,0,38,156,47,6,59,0,3,0,0,0,0,0,6,11,7,2,3,0,2,17,0,3,0,2,0,5,1,5,4,2,23,54,5,20,1,0,2,4,4,0,11,42,23,3,58,91,14,0,7,1,1,0,4,0,9,19,21,3,20,29,25,0,2,20,81,0,0,20,0,79,0,0,2,3,0,0,0,2,6,21,0,0,15,1,6,8,59,0,45,0,3,0,0,0,5,9,0,58,3,0,15,1,0,64,0,0,1,1,2,0,0,45,8,2,0,0,3,10,39,0,7,1,0,0,0,33,4,0,4,4,3,1,18,1,1,1,2,53,22,15,1,3,0,59,36,0,13,5,11,0,0,4,1,20,1,0,5,0
0,255,67,101,5,144,88,20,11,0,64,8,206,71,12,42,7,229,0,6,155,90,27,113,20,62,30,1,79,151,11,12,9,90,7,118,173,3,128,217,181,57,97,9,8,98,23,19,358,64,105,41,0,12,1,5,131,46,40,9,30,24,78,82,61,38,6,162,271,386,121,62,66,66,20,57,16,141,0,2,0,120,79,0,11,22,518,16,59,0,42,14,152,204,293,64,83,22,51,5,161,2,152,72,35,208,17,17,143,149,0,168,6,76,255,2,91,17,6,54,2,21,50,31,25,141,229,52,76,15,59,2,267,20,221,15,81,0,42,28,53,3,22,19,20,25,80,167,65,89,2,113,3,20,86,46,47,10,109,34,25,1,33,23,164,29
0,39,23,43,5,55,8,8,2,184,121,2,92,38,1,33,2,122,0,66,22,33,8,51,13,15,12,9,35,39,0,158,5,7,3,50,13,1,11,51,136,4,35,6,1,38,9,8,169,1,28,53,38,4,84,61,97,16,14,1,2,16,9,16,50,10,12,84,176,141,12,21,87,57,26,6,2,15,0,3,120,0,34,0,13,0,222,14,25,0,42,7,74,98,34,40,7,22,37,1,87,0,74,24,15,29,5,4,27,34,12,49,90,18,81,1,17,8,3,4,47,13,7,10,16,75,85,74,23,6,35,0,202,51,141,2,32,13,6,1,107,19,14,11,7,10,37,32,18,49,1,48,86,8,46,24,26,0,60,9,14,22,14,11,86,2
0,170,76,96,1,53,3,20,15,49,96,12,135,8,4,10,4,55,0,519,160,106,90,220,50,20,108,52,55,218,47,243,10,54,32,102,133,2,210,333,186,11,100,16,5,195,7,37,297,73,122,117,121,3,237,177,114,36,67,7,33,11,74,98,91,35,120,151,253,32,19,131,290,145,27,52,25,143,2,0,79,34,0,0,10,4,100,28,125,0,73,55,143,210,211,42,106,40,20,9,23,3,236,10,1,184,53,21,98,222,8,235,41,12,62,1,113,53,11,175,191,107,9,16,104,98,146,36,112,22,13,1,51,162,223,4,74,39,23,85,232,65,17,12,9,45,18,108,142,48,8,34,109,54,82,68,24,35,10,53,63,4,65,20,119,2
