0,0,0,0,0,0,0,0,0,0,0,0,0,0,0,0,0,0,0,0,0,0,0,0,0,0,0,0,0,0,0,0,0,0,0,0,0,0,0,0,0,0,0,0,0,0,0,0,0,0,0,0,0,0,0,0,0,0,0,0,0,0,0,0,0,0,0,0,0,0,0,0,0,0,0,0,0,0,0,0,0,0,0,0,0,0,0,0,0,0,0,0,0,0,0,0,0,0,0,0,0,0,0,0,0,0,0,0,0,0,0,0,0,0,0,0,0,0,0,0,0,0,0,0,0,0,0,0,0,0,0,0,0,0,0,0,0,0,0,0,0,0,0,0,0,0,0,0,0,0,0,0,0,0,0,0,0,0,0,0,0,0,0,0,0,0
0,0,324,464,6,746,87,36,45,863,328,22,746,109,27,117,7,929,0,245,126,289,30,445,25,149,37,133,156,352,36,1087,60,22,23,490,33,3,22,729,382,39,298,76,4,198,51,46,776,36,174,238,385,5,1339,359,499,183,88,7,25,47,109,105,216,19,64,538,760,608,229,317,677,315,251,9,31,227,5,17,502,75,353,0,160,7,1238,181,258,12,193,32,533,519,91,149,174,210,111,2,807,2,290,353,166,135,11,15,199,435,122,795,370,241,212,2,138,21,9,74,487,202,87,82,174,690,647,731,368,24,133,3,904,399,585,12,171,42,251,73,614,173,96,58,80,138,309,446,250,260,3,262,846,40,351,184,79,22,481,100,36,239,150,76,547,42
0,324,0,74,15,430,93,0,116,1013,288,1,2,83,46,134,4,436,0,260,288,7,44,150,65,31,53,141,26,241,32,562,17,232,41,59,279,9,808,552,572,489,300,32,16,168,33,196,437,320,250,208,827,371,459,347,346,18,10,0,66,21,215,204,114,34,121,0,861,589,65,41,537,583,38,216,38,403,2,153,123,41,163,0,341,30,1141,19,104,23,240,50,213,2,420,37,320,71,11,14,760,12,261,292,379,511,116,48,186,35,63,490,152,62,119,2,229,66,9,338,466,27,98,66,21,42,3,333,23,7,29,2,595,224,361,103,3,154,75,38,338,124,12,1,1,707,906,4,43,336,4,865,712,0,375,16,28,16,297,78,20,721,13,58,0,94
0,464,74,0,10,420,50,5,28,626,315,2,69,88,30,85,3,599,0,274,362,53,47,109,48,95,50,132,32,139,15,803,15,184,0,257,247,16,406,420,353,188,308,73,15,213,13,33,556,211,237,288,441,158,872,281,437,69,18,4,27,36,129,89,129,62,69,86,855,646,102,65,541,354,158,71,10,200,2,17,187,74,185,0,171,13,996,49,110,7,237,23,376,78,326,84,178,107,68,5,693,3,241,190,144,535,15,22,151,143,84,778,265,97,344,4,151,20,4,225,361,100,51,50,35,216,97,426,82,19,87,1,646,336,343,43,38,47,150,123,540,124,27,13,46,220,485,85,110,409,2,472,611,13,566,75,74,28,297,63,25,339,47,45,58,8
0,6,15,10,0,15,9,1,1,35,7,0,9,4,2,5,0,13,0,14,17,2,2,7,4,42,0,6,5,3,2,25,2,3,0,4,6,0,7,7,11,30,19,4,0,3,1,4,18,7,5,32,46,4,17,11,22,20,1,0,0,1,9,2,3,1,1,9,18,41,14,3,12,8,4,7,1,16,0,2,10,11,2,0,14,2,59,2,3,0,6,0,8,5,13,2,9,12,1,1,40,0,2,9,11,11,0,0,4,17,4,11,12,19,8,0,3,3,1,8,3,2,3,5,1,9,10,24,14,0,1,0,25,6,15,6,11,7,11,0,13,3,15,0,9,3,25,24,1,21,0,10,17,6,40,2,6,0,9,1,2,15,27,6,3,1
0,746,430,420,15,0,16,81,86,470,373,52,969,1,12,3,11,25,0,301,702,468,300,762,106,169,233,137,321,676,139,1429,12,347,141,437,623,9,1300,1455,894,271,630,33,13,536,113,10,717,392,751,554,423,199,2318,862,285,140,195,12,40,59,345,291,491,97,232,742,988,5,428,571,1146,391,52,196,136,763,6,0,269,99,107,0,12,19,232,151,645,13,331,102,750,931,605,102,606,6,70,64,8,29,878,43,0,994,83,72,578,1003,271,978,78,187,241,8,363,62,31,601,925,259,3,11,305,451,776,58,608,36,9,3,11,1340,618,45,317,63,481,399,885,360,79,58,65,122,451,906,526,327,9,314,869,69,426,406,167,78,0,229,125,256,176,113,609,3
0,87,93,50,9,16,0,6,28,50,36,1,117,2,28,10,2,23,0,55,55,15,6,62,15,28,13,55,7,22,11,75,1,47,2,14,54,6,127,53,54,75,14,10,2,53,10,11,46,77,82,26,37,46,118,244,23,34,14,8,12,3,27,13,12,5,21,39,73,15,24,22,49,34,18,23,4,44,3,9,161,11,11,0,18,6,36,5,11,3,14,9,56,58,76,6,49,2,11,1,30,0,6,38,4,94,11,10,31,44,28,83,6,46,27,0,23,21,3,32,56,3,43,9,41,109,43,8,73,6,9,1,22,90,66,7,19,15,18,13,70,6,9,3,12,50,123,70,20,31,1,121,64,7,59,17,57,6,1,5,27,48,42,5,18,17
0,36,0,5,1,81,6,0,6,26,59,0,1,38,3,9,6,104,0,70,30,3,37,14,14,6,17,13,21,59,2,108,5,38,8,16,41,0,70,76,67,12,45,3,2,44,8,27,55,27,18,55,40,3,65,31,55,2,1,0,3,4,12,26,45,9,20,0,41,33,20,5,68,37,7,15,6,60,0,0,41,13,42,0,21,6,66,2,32,0,18,21,48,1,54,9,41,6,1,1,34,3,78,18,3,34,4,6,15,8,11,44,28,20,30,1,72,4,6,43,60,39,20,18,14,8,3,59,12,0,25,1,100,45,84,3,1,15,25,26,60,19,0,0,0,10,15,0,14,30,3,20,47,0,26,5,1,6,16,23,4,3,2,4,0,25
0,45,116,28,1,86,28,6,0,368,42,9,78,1,23,59,2,73,0,128,41,45,36,148,27,11,64,79,31,110,56,148,3,55,54,16,34,10,265,305,157,69,84,15,5,65,3,12,238,203,79,34,231,259,145,148,34,18,82,14,31,3,88,135,58,11,21,120,401,62,9,88,271,208,10,93,1,235,3,77,22,5,20,0,68,14,251,4,86,10,73,50,90,110,116,45,90,20,1,3,240,3,201,112,47,316,60,32,133,42,19,184,16,7,11,1,50,83,6,201,325,4,6,6,7,36,53,26,24,2,8,4,71,70,41,5,37,27,14,15,157,55,9,1,1,289,267,100,30,14,5,409,291,46,49,25,25,8,66,23,55,261,52,8,10,2
0,863,1013,626,35,470,50,26,368,0,43,38,1074,171,41,240,2,1253,0,0,716,285,95,481,101,375,124,0,214,250,23,14,33,288,10,494,525,20,1112,1139,979,900,456,25,24,303,85,59,806,497,723,1,0,571,47,3,557,120,105,12,77,52,453,155,257,63,19,976,1835,1084,239,319,197,1441,39,333,26,575,4,265,1,358,91,0,14,16,2446,183,378,0,267,29,616,943,1355,213,515,64,112,24,794,2,297,340,556,1318,20,30,324,811,2,977,16,155,797,12,126,55,8,525,0,59,30,128,115,867,993,705,412,40,112,3,3545,196,1023,171,410,2,228,73,16,17,184,42,281,456,1345,817,132,722,0,1108,0,51,986,144,216,10,268,97,44,8,61,130,576,9
0,328,288,315,7,373,36,59,42,43,0,39,623,374,21,69,28,1214,0,80,541,347,120,302,62,105,93,34,327,575,60,99,45,275,90,392,373,14,556,870,911,130,305,152,17,326,101,73,413,277,504,87,10,230,35,54,955,118,186,31,60,33,337,445,276,100,21,508,974,401,192,192,188,511,94,139,241,546,5,81,122,235,209,1,180,23,849,75,426,0,177,60,428,814,597,150,294,29,52,14,211,8,507,135,75,817,196,45,412,561,0,521,26,113,418,3,520,48,22,264,101,73,58,57,117,507,739,1019,368,40,106,4,860,118,629,27,243,1,63,98,258,16,47,49,20,176,274,494,326,478,11,415,43,43,188,91,111,38,17,128,82,41,63,91,316,457
0,22,1,2,0,52,1,0,9,38,39,0,0,13,2,7,1,59,0,45,40,3,15,0,10,1,12,10,11,27,1,57,3,23,1,3,16,2,40,66,34,3,12,10,2,7,5,4,55,24,29,38,34,30,39,23,44,2,0,0,1,2,26,29,21,9,19,1,64,24,4,0,42,34,3,7,6,37,0,9,14,3,21,0,20,0,54,0,11,0,11,2,40,1,50,6,24,9,1,0,83,0,27,7,5,38,11,3,14,3,3,63,14,4,21,0,35,0,1,42,28,4,0,8,12,7,1,37,10,1,7,1,58,30,26,1,0,4,3,11,59,3,0,0,0,39,13,1,3,10,1,45,70,0,25,2,1,4,11,7,1,32,1,4,0,25
0,746,2,69,9,969,117,1,78,1074,623,0,0,322,55,148,4,1293,0,513,530,14,190,145,71,33,101,182,167,424,56,1315,13,285,62,146,550,18,1243,955,703,275,439,89,27,232,94,294,805,426,338,416,479,398,943,738,618,52,4,0,39,47,211,220,330,52,156,4,806,635,234,24,787,486,198,166,13,943,5,109,381,154,262,0,382,19,1485,63,330,28,152,118,644,3,1055,86,652,98,27,13,920,14,615,531,326,1018,50,37,229,72,120,1403,496,135,436,5,354,70,12,511,857,287,61,105,78,163,20,755,80,8,227,1,987,515,988,20,4,99,288,100,890,193,6,6,0,378,513,10,159,437,4,790,984,6,293,53,38,12,418,179,12,502,43,52,3,36
0,109,83,88,4,1,2,38,1,171,374,13,322,0,1,1,1,0,0,301,189,125,38,172,19,30,21,20,208,282,17,841,19,121,46,99,172,3,206,378,404,37,137,13,10,135,12,0,150,64,130,324,38,9,99,141,113,36,77,4,21,18,77,78,163,33,18,222,297,1,73,125,393,71,23,80,35,188,4,0,128,82,16,0,0,4,73,19,222,0,48,24,152,258,245,46,149,2,20,21,0,11,377,0,0,237,26,14,83,176,3,117,54,26,175,3,188,28,6,66,329,28,2,7,42,139,237,18,85,10,5,2,1,84,386,11,144,20,40,24,183,32,19,22,11,6,70,239,125,213,8,124,61,13,65,44,27,4,0,49,33,31,89,43,167,0
0,27,46,30,2,12,28,3,23,41,21,2,55,1,0,15,0,33,0,17,29,10,4,16,9,1,1,13,1,1,0,38,0,14,1,9,14,3,47,18,2,24,0,9,3,6,2,2,1,19,9,8,28,17,36,25,33,0,2,2,3,0,7,1,2,2,3,19,3,23,0,22,28,27,6,10,0,13,0,6,21,4,7,0,23,4,84,8,0,9,1,1,18,9,45,2,10,8,0,0,50,1,0,25,30,29,0,2,6,4,6,115,22,54,5,0,1,7,1,14,32,0,6,6,22,67,31,17,17,0,7,0,12,24,2,1,3,11,1,1,45,7,7,2,10,2,0,28,2,2,0,6,39,4,0,6,8,0,23,4,2,32,9,1,3,0
0,117,134,85,5,3,10,9,59,240,69,7,148,1,15,0,0,1,0,107,103,60,46,88,17,43,29,109,37,114,22,177,5,67,14,65,77,11,137,195,144,70,60,9,5,50,17,0,172,80,154,109,136,101,213,206,49,40,36,7,17,13,88,69,46,33,7,143,248,2,35,55,109,29,5,59,11,160,0,0,92,54,20,1,3,4,23,33,80,1,37,16,105,162,156,34,51,1,9,4,5,3,94,4,0,214,21,12,85,109,11,173,22,18,120,3,66,11,6,75,40,16,0,8,27,88,192,16,74,13,1,3,1,148,110,12,51,25,36,23,190,26,33,15,15,74,114,105,49,65,5,118,237,14,84,35,35,9,0,40,20,64,37,4,80,5
0,7,4,3,0,11,2,6,2,2,28,1,4,1,0,0,0,6,0,14,17,14,5,11,5,3,15,3,7,25,2,22,0,8,4,11,18,0,17,29,24,0,5,5,1,13,2,7,27,11,12,30,5,1,7,9,5,2,8,0,0,1,9,19,8,6,1,7,28,8,1,9,29,5,0,3,7,10,2,0,10,3,9,0,6,0,17,0,9,0,11,3,5,19,17,5,7,4,2,2,6,2,16,0,3,17,7,2,5,14,0,12,5,3,5,0,19,7,1,6,10,7,5,1,8,5,9,9,15,3,9,1,5,6,25,1,3,1,2,6,44,7,0,0,0,2,3,9,13,4,4,6,5,0,7,9,3,2,1,3,4,0,6,2,9,1
0,929,436,599,13,25,23,104,73,1253,1214,59,1293,0,33,1,6,0,0,787,913,597,355,1221,97,260,228,143,507,1065,111,2696,23,453,136,487,774,15,1217,1783,1143,374,374,18,38,697,113,4,1398,490,891,479,754,184,990,721,651,162,295,17,125,62,452,449,690,172,681,1068,1542,1,195,706,2220,489,70,233,240,915,5,0,400,230,106,0,3,17,285,218,647,2,308,92,757,1015,1212,117,665,19,133,52,16,40,1233,38,0,1080,135,85,612,1304,18,1559,227,114,509,4,587,106,36,678,1004,319,2,28,304,709,991,106,601,45,5,4,2,1193,1127,39,308,229,129,425,1701,450,81,91,52,155,603,1021,692,408,12,423,666,98,736,331,95,115,1,366,160,316,187,168,693,5
0,0,0,0,0,0,0,0,0,0,0,0,0,0,0,0,0,0,0,0,0,0,0,0,0,0,0,0,0,0,0,0,0,0,0,0,0,0,0,0,0,0,0,0,0,0,0,0,0,0,0,0,0,0,0,0,0,0,0,0,0,0,0,0,0,0,0,0,0,0,0,0,0,0,0,0,0,0,0,0,0,0,0,0,0,0,0,0,0,0,0,0,0,0,0,0,0,0,0,0,0,0,0,0,0,0,0,0,0,0,0,0,0,0,0,0,0,0,0,0,0,0,0,0,0,0,0,0,0,0,0,0,0,0,0,0,0,0,0,0,0,0,0,0,0,0,0,0,0,0,0,0,0,0,0,0,0,0,0,0,0,0,0,0,0,0
0,245,260,274,14,301,55,70,128,0,80,45,513,301,17,107,14,787,0,0,444,305,249,373,31,67,96,3,258,685,89,30,66,225,98,343,329,8,540,840,452,124,183,61,29,245,128,284,805,253,402,14,0,137,0,5,1081,119,204,22,56,29,254,401,149,108,7,340,797,171,102,165,104,545,1013,132,149,437,3,1,14,105,1044,0,274,73,337,70,351,0,92,152,451,671,526,84,256,22,39,11,93,10,425,23,71,646,151,47,283,628,0,653,20,38,183,8,473,155,28,397,10,224,126,53,148,290,536,502,382,32,116,1,868,40,451,34,184,1,79,118,67,10,61,25,52,204,171,457,281,201,17,223,1,57,256,78,64,35,13,259,140,0,108,98,230,248
0,126,288,362,17,702,55,30,41,716,541,40,530,189,29,103,17,913,0,444,0,275,54,383,45,218,118,120,169,283,37,1288,57,19,17,1349,56,4,91,522,459,59,322,74,1,161,55,85,491,58,143,537,483,2,997,344,635,150,116,15,16,49,73,187,143,25,126,497,804,782,324,202,557,479,186,18,116,152,1,10,303,39,293,0,195,3,1033,68,292,8,199,33,406,715,132,113,119,144,65,10,862,2,201,261,141,102,67,8,156,740,123,850,376,228,268,9,295,29,28,94,347,138,58,91,181,469,712,713,410,65,170,1,802,445,490,13,409,69,211,94,818,139,98,55,102,100,506,433,231,352,6,240,759,47,467,135,99,9,263,165,39,240,308,114,472,79
0,289,7,53,2,468,15,3,45,285,347,3,14,125,10,60,14,597,0,305,275,0,160,82,36,23,55,62,79,266,27,526,22,125,28,132,218,6,399,591,344,41,165,18,17,174,47,138,548,135,176,279,146,82,282,242,352,29,17,0,26,33,105,208,132,85,96,17,505,221,38,40,319,247,20,59,53,345,1,19,191,73,202,0,137,2,566,32,109,3,75,58,278,18,386,52,183,63,38,9,381,6,430,81,48,329,79,21,167,54,26,420,156,39,186,1,300,24,16,270,337,132,27,61,40,69,39,348,40,2,121,6,673,291,370,11,2,53,37,135,511,87,9,4,1,99,113,32,80,102,11,171,400,10,139,68,12,34,102,117,24,80,28,37,29,94
0,30,44,47,2,300,6,37,36,95,120,15,190,38,4,46,5,355,0,249,54,160,0,182,5,30,11,23,23,63,12,288,9,12,10,115,17,3,34,288,136,5,79,10,2,70,14,121,258,43,63,114,112,7,204,147,111,37,43,6,12,18,28,109,74,16,104,92,170,122,28,29,175,157,23,12,50,93,2,12,54,15,161,0,35,2,140,12,46,0,52,34,170,225,17,24,29,32,16,1,318,2,128,45,18,38,30,3,45,238,9,307,141,31,28,0,73,9,4,17,115,111,42,19,61,51,158,253,181,13,102,2,272,290,207,4,43,33,50,20,322,62,28,18,3,64,53,71,60,43,4,65,318,14,78,61,32,3,28,98,24,34,24,33,122,32
0,445,150,109,7,762,62,14,148,481,302,0,145,172,16,88,11,1221,0,373,383,82,182,0,39,55,110,65,118,542,84,1069,24,225,92,151,394,13,750,1057,488,194,301,14,17,291,93,473,1057,230,386,416,389,23,384,499,532,96,137,17,43,26,216,269,145,93,109,142,950,450,58,182,520,435,174,134,97,692,7,4,211,95,417,0,211,14,986,77,281,3,104,88,341,127,519,62,453,75,40,37,552,34,832,105,119,503,156,63,369,147,25,724,226,71,224,6,388,92,20,251,324,183,146,58,35,159,74,621,39,25,140,0,1104,333,688,29,82,78,128,91,721,87,25,10,0,120,293,167,120,313,16,247,524,109,370,115,9,56,316,144,152,156,88,78,12,163
0,25,65,48,4,106,15,14,27,101,62,10,71,19,9,17,5,97,0,31,45,36,5,39,0,32,8,37,20,44,9,141,24,3,5,73,11,1,2,96,85,14,33,28,0,45,10,4,64,3,29,35,73,2,123,37,85,29,14,4,5,8,10,31,56,9,14,69,93,78,20,25,100,85,29,1,10,43,1,7,45,26,95,0,39,2,120,19,22,0,42,12,33,71,18,5,15,39,9,0,140,1,38,37,28,12,11,0,21,80,9,122,36,46,21,3,70,9,4,2,62,37,24,22,83,53,88,81,98,18,25,0,119,75,113,4,20,11,18,3,102,25,23,10,5,32,47,69,58,28,0,57,106,2,66,61,17,0,36,15,7,40,23,15,69,15
0,149,31,95,42,169,28,6,11,375,105,1,33,30,1,43,3,260,0,67,218,23,30,55,32,0,91,42,8,55,10,400,3,65,3,123,96,3,257,101,128,131,55,3,6,173,3,48,94,75,204,143,221,16,265,184,170,11,8,8,9,4,42,17,13,22,66,44,336,458,5,22,373,187,9,61,7,52,0,1,116,31,41,0,49,31,482,7,27,2,141,19,65,79,151,16,22,26,21,2,252,3,69,123,43,499,9,15,57,95,55,85,160,60,435,4,70,9,8,57,87,4,81,22,17,94,57,159,4,4,52,2,364,249,77,81,40,46,6,17,307,82,12,6,20,18,182,63,20,65,0,82,112,10,23,506,93,3,60,26,34,79,86,28,18,28
0,37,53,50,0,233,13,17,64,124,93,12,101,21,1,29,15,228,0,96,118,55,11,110,8,91,0,41,14,101,34,292,50,18,15,81,24,1,33,153,139,29,24,24,1,98,0,59,94,24,55,67,100,0,199,90,98,28,46,6,18,6,11,76,123,21,82,155,237,199,13,53,344,193,26,17,12,6,10,4,62,22,212,0,63,3,155,5,64,0,116,36,81,212,21,18,27,90,6,8,204,0,62,57,11,40,35,15,18,163,11,98,54,51,48,2,108,15,2,13,81,35,30,43,133,64,122,167,95,39,44,0,323,186,215,3,46,33,8,16,201,57,11,15,9,43,109,106,109,55,1,42,144,31,148,99,18,0,27,9,33,15,120,43,172,24
0,133,141,132,6,137,55,13,79,0,34,10,182,20,13,109,3,143,0,3,120,62,23,65,37,42,41,0,40,140,21,12,14,70,14,92,86,9,201,219,87,127,68,19,6,98,17,66,186,118,127,4,1,79,4,11,79,65,52,6,26,12,85,51,35,21,0,157,287,215,43,110,33,78,23,53,13,133,2,34,1,25,98,0,60,16,496,43,64,0,42,23,90,117,148,27,99,106,19,5,97,2,103,80,119,199,15,22,90,162,0,239,5,34,94,2,64,36,11,100,2,12,20,26,37,190,144,70,120,9,18,2,369,46,122,11,61,0,27,47,7,3,24,14,20,103,175,91,64,76,0,172,0,20,130,62,48,20,17,39,37,6,19,30,74,23
0,156,26,32,5,321,7,21,31,214,327,11,167,208,1,37,7,507,0,258,169,79,23,118,20,8,14,40,0,214,10,452,6,73,47,77,97,2,157,330,369,17,161,11,11,76,21,129,103,53,118,264,85,6,198,199,355,15,52,0,10,12,44,102,172,45,53,93,235,178,43,102,373,216,25,42,80,144,2,1,152,62,118,0,91,4,342,13,123,0,35,12,122,64,193,93,71,24,31,6,162,3,341,62,10,245,56,16,76,93,40,113,111,22,230,1,160,15,3,61,357,30,8,39,23,37,70,194,50,14,78,1,433,135,232,8,55,37,37,24,277,97,13,19,2,10,28,224,112,112,2,99,168,8,24,34,20,10,74,35,47,17,23,32,16,64
0,352,241,139,3,676,22,59,110,250,575,27,424,282,1,114,25,1065,0,685,283,266,63,542,44,55,101,140,214,0,9,881,41,344,127,182,316,10,435,250,92,20,46,47,22,409,0,193,238,256,652,393,185,138,302,491,624,50,210,16,89,4,186,56,6,148,251,387,55,298,0,256,1194,602,159,146,173,299,0,5,287,74,351,0,347,48,764,56,108,3,24,18,81,491,197,163,398,80,155,56,321,21,1,25,24,933,19,62,187,417,24,29,110,15,210,0,409,167,11,167,575,1,153,67,45,157,462,444,233,67,82,2,1149,506,519,15,192,167,4,60,804,194,30,33,2,8,6,440,241,58,5,34,417,49,17,120,69,41,102,39,254,76,155,79,128,283
0,36,32,15,2,139,11,2,56,23,60,1,56,17,0,22,2,111,0,89,37,27,12,84,9,10,34,21,10,9,0,125,4,12,25,16,18,2,52,58,22,0,42,6,0,66,0,46,12,41,45,26,49,2,37,61,53,15,29,1,33,1,27,8,0,4,75,56,24,96,0,21,233,135,9,16,6,91,2,0,27,3,85,0,56,4,73,4,29,0,17,10,14,87,30,10,18,6,5,2,35,0,3,12,1,129,8,19,49,70,10,1,19,3,26,0,123,80,8,23,107,2,44,13,4,9,47,29,4,3,9,0,219,74,37,13,54,61,0,28,47,79,3,7,0,1,8,58,25,10,0,8,22,13,8,31,12,8,12,19,55,7,65,16,13,28
0,1087,562,803,25,1429,75,108,148,14,99,57,1315,841,38,177,22,2696,0,30,1288,526,288,1069,141,400,292,12,452,881,125,0,124,482,131,803,898,8,1216,1559,1322,624,486,55,40,777,81,334,1311,558,1140,14,32,142,44,54,2665,309,229,42,145,99,525,524,537,138,74,1030,1981,1487,318,635,379,610,269,304,225,723,15,7,20,306,454,0,342,51,1393,227,749,0,525,102,990,1170,1271,167,593,259,138,48,1258,20,911,270,113,1357,235,109,731,1309,4,1313,71,217,939,12,794,140,57,645,58,319,190,172,274,1003,1065,1234,516,94,294,9,1005,191,1486,74,448,6,295,417,95,61,142,90,67,203,849,903,632,885,12,807,14,124,1015,285,172,119,1380,294,204,18,184,165,1075,204
0,60,17,15,2,12,1,5,3,33,45,3,13,19,0,5,0,23,0,66,57,22,9,24,24,3,50,14,6,41,4,124,0,13,9,43,32,1,45,54,57,8,2,31,1,55,0,3,59,25,60,16,19,2,86,25,29,16,19,2,9,6,33,11,23,16,7,25,77,24,0,30,154,41,7,14,5,9,5,0,14,10,14,0,9,14,60,4,28,0,72,15,28,42,61,7,22,3,8,1,18,0,29,15,2,57,9,16,18,42,9,33,7,9,45,0,38,25,15,20,30,12,1,0,60,21,36,8,29,11,9,1,63,44,55,1,16,9,2,26,65,27,5,7,1,24,17,10,40,19,0,20,25,3,37,34,13,10,13,22,27,3,17,3,40,1
0,22,232,184,3,347,47,38,55,288,275,23,285,121,14,67,8,453,0,225,19,125,12,225,3,65,18,70,73,344,12,482,13,0,26,160,18,1,2,357,218,10,84,58,1,58,37,59,193,8,85,205,180,8,276,257,356,59,87,9,6,13,15,74,90,4,58,240,362,224,75,133,407,284,96,4,49,165,1,14,164,15,120,0,170,1,443,39,117,6,50,21,122,254,28,25,83,46,23,2,313,5,267,93,98,17,41,0,36,291,42,476,116,81,55,1,53,13,2,18,213,44,19,30,75,241,303,255,175,19,48,0,414,216,241,5,104,36,66,12,413,61,63,21,40,139,211,283,72,127,7,212,307,28,144,34,57,0,150,82,24,210,91,52,96,67
0,23,41,0,0,141,2,8,54,10,90,1,62,46,1,14,4,136,0,98,17,28,10,92,5,3,15,14,47,127,25,131,9,26,2,16,14,0,64,201,126,2,41,1,0,36,6,108,94,20,34,28,40,1,29,65,101,5,21,2,4,1,23,53,46,9,28,34,187,40,3,39,178,96,2,16,18,65,2,1,17,6,64,0,62,5,98,4,57,0,18,29,32,40,22,25,20,4,2,2,23,1,182,4,0,41,42,3,36,32,5,39,3,1,9,0,58,15,4,15,178,7,22,13,14,5,28,30,24,3,11,0,203,77,37,1,26,36,6,20,88,63,3,3,0,17,3,84,24,8,0,13,33,11,7,12,0,6,2,10,14,2,10,17,0,39
0,490,59,257,4,437,14,16,16,494,392,3,146,99,9,65,11,487,0,343,1349,132,115,151,73,123,81,92,77,182,16,803,43,160,16,0,295,5,522,522,581,177,413,39,10,262,33,79,1018,272,363,331,283,54,1257,503,308,86,55,8,53,64,273,310,350,95,160,193,721,358,242,181,525,245,53,114,15,104,0,10,232,95,192,0,92,9,443,75,265,2,382,28,500,288,384,108,114,57,29,6,562,2,351,116,51,629,50,50,194,326,147,392,271,100,299,5,232,17,13,284,246,117,23,43,89,262,282,338,278,16,117,3,529,462,248,20,75,86,155,220,573,199,22,19,19,94,269,219,313,276,11,340,653,19,337,135,81,107,117,127,42,137,117,32,205,43
0,33,279,247,6,623,54,41,34,525,373,16,550,172,14,77,18,774,0,329,56,218,17,394,11,96,24,86,97,316,18,898,32,18,14,295,0,8,10,637,343,29,193,49,0,89,31,96,520,33,54,364,301,3,545,459,400,110,83,7,13,24,21,124,155,11,122,372,559,522,188,200,515,220,102,24,127,117,2,7,306,22,239,0,153,2,829,45,195,2,145,35,288,492,68,77,140,96,61,4,616,7,289,183,177,53,43,4,113,504,69,529,342,143,191,2,100,30,8,40,278,178,40,53,176,367,493,645,295,13,165,2,650,351,507,6,155,63,163,10,541,83,104,48,44,70,360,367,141,289,3,298,549,50,257,106,67,0,223,160,28,207,136,58,343,32
0,3,9,16,0,9,6,0,10,20,14,2,18,3,3,11,0,15,0,8,4,6,3,13,1,3,1,9,2,10,2,8,1,1,0,5,8,0,5,24,5,0,4,3,1,5,1,3,15,1,11,2,11,1,11,9,15,6,0,0,0,2,4,4,8,5,3,8,15,8,3,2,13,16,3,2,0,15,0,4,5,3,3,0,5,1,18,4,1,0,12,1,6,11,4,2,6,1,6,0,18,0,7,7,5,6,2,0,3,9,2,21,9,4,2,0,2,2,0,3,4,6,2,2,3,15,15,4,8,0,2,1,16,10,4,0,3,5,4,0,18,2,5,0,2,16,6,13,4,3,0,12,20,4,5,2,2,0,56,7,1,14,4,1,2,2
0,22,808,406,7,1300,127,70,265,1112,556,40,1243,206,47,137,17,1217,0,540,91,399,34,750,2,257,33,201,157,435,52,1216,45,2,64,522,10,5,0,1099,534,60,680,94,1,112,57,331,753,43,154,561,978,12,1273,758,783,112,229,12,5,47,25,171,198,11,271,707,1034,985,417,313,927,632,133,5,163,379,2,47,243,16,392,0,456,6,1576,103,444,11,218,77,500,1080,40,111,301,125,66,6,1132,3,620,642,371,46,94,4,178,918,183,952,371,361,248,4,161,36,6,53,854,261,55,77,248,683,797,895,692,28,239,1,1189,873,633,9,290,149,517,30,973,202,156,72,157,382,780,1016,240,476,11,665,1101,131,561,136,164,0,350,248,56,715,163,107,416,33
0,729,552,420,7,1455,53,76,305,1139,870,66,955,378,18,195,29,1783,0,840,522,591,288,1057,96,101,153,219,330,250,58,1559,54,357,201,522,637,24,1099,0,679,130,547,73,23,721,54,481,612,282,941,762,840,177,1354,883,1009,87,279,18,57,49,314,301,245,190,427,673,827,657,240,361,1758,1082,231,196,215,732,4,109,387,100,610,0,449,25,1577,157,125,7,174,41,457,1110,415,210,503,184,218,53,1194,39,160,307,156,874,122,57,423,746,163,267,394,182,408,5,627,113,12,373,1201,77,89,110,226,368,968,962,477,109,208,4,1815,1109,741,35,287,169,244,314,1222,359,119,89,57,293,547,1043,543,200,12,534,1339,90,369,1117,238,46,335,54,185,447,167,155,476,211
0,382,572,353,11,894,54,67,157,979,911,34,703,404,2,144,24,1143,0,452,459,344,136,488,85,128,139,87,369,92,22,1322,57,218,126,581,343,5,534,679,0,163,205,59,14,288,11,277,343,209,248,917,527,77,750,453,1070,88,250,26,54,16,269,33,10,64,116,719,368,1076,30,450,733,772,159,257,182,745,0,9,358,264,347,0,262,20,1513,53,105,2,58,26,117,1011,1024,96,411,97,25,14,514,6,191,259,130,483,43,32,373,756,160,123,416,254,370,3,455,32,36,368,412,23,109,129,187,428,1012,529,163,46,151,3,1255,247,405,23,418,78,34,82,660,110,121,45,134,70,194,669,321,311,7,266,423,118,278,78,75,24,204,49,106,187,255,150,525,174
0,39,489,188,30,271,75,12,69,900,130,3,275,37,24,70,0,374,0,124,59,41,5,194,14,131,29,127,17,20,0,624,8,10,2,177,29,0,60,130,163,0,177,27,1,140,37,19,239,19,215,333,698,34,352,247,391,10,23,2,5,20,2,51,65,8,66,266,774,702,34,165,371,343,65,26,11,132,1,41,109,10,27,0,190,6,1037,39,40,11,159,2,121,234,57,24,218,59,42,0,617,0,45,199,257,163,15,3,76,346,82,219,206,129,189,3,7,6,2,51,181,19,14,36,78,374,254,278,160,25,25,0,466,313,291,60,154,74,77,11,421,51,94,9,176,215,764,337,7,291,1,561,397,34,683,85,190,2,239,21,34,455,87,71,128,3
0,298,300,308,19,630,14,45,84,456,305,12,439,137,0,60,5,374,0,183,322,165,79,301,33,55,24,68,161,46,42,486,2,84,41,413,193,4,680,547,205,177,0,17,7,164,6,168,82,82,244,390,586,4,876,223,603,36,130,5,25,2,141,18,22,22,83,259,109,519,6,148,347,312,62,146,39,115,0,1,168,78,198,0,106,8,753,47,63,3,51,51,41,761,296,38,52,36,10,5,399,1,271,394,88,300,22,25,98,400,122,138,269,267,201,0,378,4,7,232,505,12,81,41,48,307,414,293,62,3,106,4,684,344,108,82,219,57,8,107,215,179,91,29,125,18,25,622,157,103,2,105,375,66,9,54,66,9,191,22,33,165,89,161,198,25
0,76,32,73,4,33,10,3,15,25,152,10,89,13,9,9,5,18,0,61,74,18,10,14,28,3,24,19,11,47,6,55,31,58,1,39,49,3,94,73,59,27,17,0,2,57,8,3,60,95,99,80,11,115,22,13,20,6,19,1,7,5,19,19,36,10,1,40,86,16,8,29,25,5,4,13,3,125,2,0,18,8,34,0,2,1,39,11,17,0,36,2,56,23,59,13,27,24,23,0,20,2,20,15,3,127,4,6,17,69,1,183,65,3,34,5,44,2,1,77,45,12,1,7,20,96,56,29,53,8,7,1,26,54,40,7,5,3,13,13,291,2,10,2,4,91,40,52,17,18,0,143,33,3,36,24,54,3,13,9,10,44,9,2,28,6
0,4,16,15,0,13,2,2,5,24,17,2,27,10,3,5,1,38,0,29,1,17,2,17,0,6,1,6,11,22,0,40,1,1,0,10,0,1,1,23,14,1,7,2,0,4,4,6,29,2,10,18,9,3,27,11,40,7,8,0,2,5,3,16,7,0,7,14,26,15,4,3,26,9,4,0,12,16,0,6,19,1,13,0,12,2,36,5,14,0,4,2,18,20,1,1,6,8,3,0,31,0,24,4,4,4,5,0,3,27,1,43,14,6,3,2,3,3,0,2,24,10,5,4,6,16,19,24,22,1,18,1,36,19,19,0,4,3,7,1,42,5,7,3,2,6,8,20,13,2,0,10,31,3,6,2,2,0,16,3,4,3,3,6,6,8
0,198,168,213,3,536,53,44,65,303,326,7,232,135,6,50,13,697,0,245,161,174,70,291,45,173,98,98,76,409,66,777,55,58,36,262,89,5,112,721,288,140,164,57,4,0,25,187,471,74,138,247,199,25,679,246,412,190,97,7,24,25,214,83,115,34,84,233,481,430,187,163,577,212,168,51,49,159,9,7,186,81,369,0,181,6,588,124,298,3,134,64,241,231,189,54,82,128,30,2,471,6,423,113,46,206,55,17,173,308,51,843,147,108,143,7,151,27,28,96,519,129,102,80,131,251,282,402,203,11,102,5,709,232,268,10,103,48,93,80,337,142,46,29,24,70,166,278,319,138,6,84,407,91,220,69,23,17,173,51,41,90,168,79,132,65
0,51,33,13,1,113,10,8,3,85,101,5,94,12,2,17,2,113,0,128,55,47,14,93,10,3,0,17,21,0,0,81,0,37,6,33,31,1,57,54,11,37,6,8,4,25,0,4,32,48,172,75,34,80,156,26,139,4,12,9,8,2,35,1,3,25,27,50,4,73,2,13,60,79,4,19,46,61,2,5,42,16,16,0,24,1,183,13,0,2,1,0,19,93,62,3,53,6,3,3,66,0,1,124,11,140,43,5,50,56,10,5,12,12,17,1,55,2,4,34,50,1,3,8,8,33,88,39,27,8,17,2,80,177,10,3,4,12,5,25,145,23,5,1,1,0,7,37,27,7,0,13,133,5,6,18,32,4,6,1,12,34,20,4,10,53
0,46,196,33,4,10,11,27,12,59,73,4,294,0,2,0,7,4,0,284,85,138,121,473,4,48,59,66,129,193,46,334,3,59,108,79,96,3,331,481,277,19,168,3,6,187,4,0,477,64,149,53,187,13,55,176,31,50,178,11,18,11,65,95,53,13,242,202,316,12,13,189,365,214,16,51,41,458,4,0,39,16,62,0,1,17,77,5,156,1,37,125,93,233,133,36,105,1,3,17,2,6,388,1,0,87,91,28,237,193,2,293,7,15,31,0,158,54,13,138,415,47,2,4,29,28,122,11,78,9,1,3,5,286,128,7,78,69,23,52,201,200,29,12,8,80,26,209,99,37,15,51,79,145,47,47,7,8,3,72,120,31,26,25,55,2
0,776,437,556,18,717,46,55,238,806,413,55,805,150,1,172,27,1398,0,805,491,548,258,1057,64,94,94,186,103,238,12,1311,59,193,94,1018,520,15,753,612,343,239,82,60,29,471,32,477,0,278,540,279,607,73,927,728,628,114,334,38,116,13,518,122,26,99,346,754,199,613,7,525,888,669,294,187,146,401,1,25,693,291,580,0,350,29,1016,273,52,8,39,40,136,1039,771,56,160,135,82,14,1060,2,138,125,113,659,31,73,682,945,39,210,276,99,344,2,366,46,33,357,718,25,225,121,137,591,923,851,367,29,336,3,1714,740,119,65,206,220,12,164,945,351,141,66,120,19,22,600,612,78,12,117,1088,180,21,179,67,112,383,127,158,232,230,124,557,158
0,36,320,211,7,392,77,27,203,497,277,24,426,64,19,80,11,490,0,253,58,135,43,230,3,75,24,118,53,256,41,558,25,8,20,272,33,1,43,282,209,19,82,95,2,74,48,64,278,0,220,197,304,38,518,208,336,70,94,12,19,9,12,110,94,4,113,293,429,349,97,148,450,386,78,13,31,364,3,72,110,4,138,0,245,7,689,92,115,18,101,28,120,297,61,49,134,53,24,1,579,2,175,288,114,48,31,11,45,381,49,833,102,83,65,1,76,22,3,53,271,66,76,61,82,323,309,253,246,15,93,1,432,301,186,2,125,76,62,19,453,87,52,11,38,286,306,261,85,83,3,359,561,28,210,80,95,8,176,56,39,371,156,42,135,47
0,174,250,237,5,751,82,18,79,723,504,29,338,130,9,154,12,891,0,402,143,176,63,386,29,204,55,127,118,652,45,1140,60,85,34,363,54,11,154,941,248,215,244,99,10,138,172,149,540,220,0,496,538,226,983,313,537,233,64,8,36,27,201,158,113,34,175,386,887,787,220,207,520,407,198,66,94,1024,1,50,199,65,239,0,219,41,1245,98,402,7,132,58,370,384,219,72,186,124,30,8,767,6,304,399,116,462,73,13,592,582,75,788,218,139,238,2,178,43,10,181,345,102,130,65,116,415,463,660,270,34,97,2,882,368,412,10,258,68,214,49,980,127,83,33,63,120,323,305,192,303,11,168,793,57,440,85,58,15,226,142,24,341,356,59,374,174
0,238,208,288,32,554,26,55,34,1,87,38,416,324,8,109,30,479,0,14,537,279,114,416,35,143,67,4,264,393,26,14,16,205,28,331,364,2,561,762,917,333,390,80,18,247,75,53,279,197,496,0,0,82,8,5,917,66,123,24,23,35,189,369,246,51,10,385,744,815,270,110,171,141,82,124,291,564,1,7,86,96,205,0,150,10,905,16,383,0,108,14,376,676,438,158,285,64,46,20,384,13,493,160,34,565,185,24,322,570,0,251,7,93,313,4,449,28,18,217,2,103,12,50,133,259,696,636,339,63,83,4,630,36,526,69,247,1,107,54,93,13,63,50,126,67,326,579,252,253,20,207,2,83,428,84,96,5,138,93,65,6,40,161,274,304
0,385,827,441,46,423,37,40,231,0,10,34,479,38,28,136,5,754,0,0,483,146,112,389,73,221,100,1,85,185,49,32,19,180,40,283,301,11,978,840,527,698,586,11,9,199,34,187,607,304,538,0,0,308,21,1,513,72,95,14,69,34,312,123,131,35,14,543,1125,745,166,252,104,1123,51,216,31,420,2,115,0,76,236,0,53,23,1515,107,186,0,210,93,322,644,654,57,279,44,36,4,521,3,238,254,306,606,50,50,222,618,0,468,5,175,274,7,128,110,8,448,0,81,40,74,82,495,574,967,207,24,40,0,1937,100,412,180,256,1,273,96,13,13,177,28,304,295,1047,841,116,575,11,623,0,62,982,93,150,12,37,77,71,14,88,132,210,15
0,5,371,158,4,199,46,3,259,571,230,30,398,9,17,101,1,184,0,137,2,82,7,23,2,16,0,79,6,138,2,142,2,8,1,54,3,1,12,177,77,34,4,115,3,25,80,13,73,38,226,82,308,0,418,49,169,32,66,1,7,5,39,106,102,1,29,224,224,158,48,87,310,351,73,7,1,569,1,162,26,5,7,0,273,4,527,155,22,15,99,5,9,92,5,5,134,28,7,1,539,0,22,329,101,12,8,1,27,137,37,538,17,30,9,3,0,0,1,7,125,4,17,38,45,183,300,45,137,1,8,0,152,235,48,2,8,17,27,0,416,9,52,3,9,454,286,198,11,15,0,560,532,21,79,24,73,0,177,20,4,520,39,10,14,4
0,1339,459,872,17,2318,118,65,145,47,35,39,943,99,36,213,7,990,0,0,997,282,204,384,123,265,199,4,198,302,37,44,86,276,29,1257,545,11,1273,1354,750,352,876,22,27,679,156,55,927,518,983,8,21,418,0,12,528,186,103,14,87,115,382,251,352,147,16,631,1133,1405,641,502,381,272,156,252,68,512,2,21,3,157,444,1,29,17,3071,336,452,1,615,47,935,1060,1062,256,439,232,181,24,1311,1,429,1401,69,1577,29,67,543,888,10,1179,15,243,891,7,395,26,36,759,8,277,9,62,132,915,974,259,550,45,104,5,824,310,560,45,296,2,697,418,46,19,67,61,87,207,634,711,396,663,4,653,48,67,545,293,316,87,86,127,85,18,68,89,709,7
0,359,347,281,11,862,244,31,148,3,54,23,738,141,25,206,9,721,0,5,344,242,147,499,37,184,90,11,199,491,61,54,25,257,65,503,459,9,758,883,453,247,223,13,11,246,26,176,728,208,313,5,1,49,12,0,153,85,196,16,64,32,270,169,209,75,21,534,910,413,98,417,120,261,64,136,74,529,4,0,7,130,304,0,30,10,1125,78,324,0,136,72,352,561,513,121,353,63,47,34,369,26,742,190,430,527,78,43,379,391,2,606,23,41,521,2,275,56,11,208,2,76,6,64,99,388,485,238,350,12,436,1,1517,53,575,18,226,2,87,105,75,5,51,40,20,148,407,496,259,337,7,360,6,74,234,114,68,48,4,135,94,5,49,59,288,10
0,499,346,437,22,285,23,55,34,557,955,44,618,113,33,49,5,651,0,1081,635,352,111,532,85,170,98,79,355,624,53,2665,29,356,101,308,400,15,783,1009,1070,391,603,20,40,412,139,31,628,336,537,917,513,169,528,153,0,103,179,25,57,65,283,441,417,136,229,424,1138,334,149,213,712,179,100,174,76,628,11,10,231,180,207,0,60,20,689,87,301,4,193,42,886,668,694,93,363,74,74,5,268,9,651,73,33,750,229,57,372,631,29,719,238,111,437,11,514,105,33,374,977,169,22,34,161,572,672,353,316,55,102,5,378,419,815,73,190,126,253,96,1273,173,107,43,73,194,496,685,344,569,11,626,552,64,684,153,142,33,117,149,101,210,180,95,265,45
0,183,18,69,20,140,34,2,18,120,118,2,52,36,0,40,2,162,0,119,150,29,37,96,29,11,28,65,15,50,15,309,16,59,5,86,110,6,112,87,88,10,36,6,7,190,4,50,114,70,233,66,72,32,186,85,103,0,15,6,12,6,65,50,21,25,34,38,97,186,1,41,288,86,48,56,5,70,3,2,97,27,74,0,47,33,298,26,9,2,131,45,36,57,193,92,57,94,65,3,164,2,28,50,11,246,15,17,37,53,21,49,130,21,169,1,108,19,7,136,93,12,85,33,11,68,68,138,13,19,50,0,280,170,42,31,28,37,7,87,132,86,10,7,5,16,27,31,52,63,4,74,140,10,34,45,70,25,58,31,81,20,19,12,62,35
0,88,10,18,1,195,14,1,82,105,186,0,4,77,2,36,8,295,0,204,116,17,43,137,14,8,46,52,52,210,29,229,19,87,21,55,83,0,229,279,250,23,130,19,8,97,12,178,334,94,64,123,95,66,103,196,179,15,0,1,12,12,54,110,61,27,54,25,298,133,33,46,257,162,27,35,13,174,0,1,94,27,141,0,117,18,203,8,63,0,43,40,127,10,130,39,64,19,2,1,120,4,251,19,13,236,72,20,73,18,17,233,57,16,92,4,167,45,6,92,289,30,41,27,15,14,24,141,11,3,71,0,427,171,174,6,6,58,26,33,215,50,11,1,1,85,57,7,30,65,5,97,126,13,49,9,5,10,66,60,23,60,20,15,0,43
0,7,0,4,0,12,8,0,14,12,31,0,0,4,2,7,0,17,0,22,15,0,6,17,4,8,6,6,0,16,1,42,2,9,2,8,7,0,12,18,26,2,5,1,0,7,9,11,38,12,8,24,14,1,14,16,25,6,1,0,7,2,6,32,2,3,9,1,45,17,3,7,22,30,2,12,13,31,0,0,21,1,13,0,18,4,37,1,6,0,8,13,22,5,12,6,10,4,0,1,7,1,23,1,2,12,20,2,15,6,5,10,8,3,15,1,29,5,2,3,24,10,13,3,0,0,1,9,1,1,11,0,39,9,6,2,1,4,3,2,26,12,3,2,0,7,8,1,3,6,2,10,1,0,4,0,4,2,9,14,3,3,2,2,0,18
0,25,66,27,0,40,12,3,31,77,60,1,39,21,3,17,0,125,0,56,16,26,12,43,5,9,18,26,10,89,33,145,9,6,4,53,13,0,5,57,54,5,25,7,2,24,8,18,116,19,36,23,69,7,87,64,57,12,12,7,0,7,8,62,24,6,51,37,165,90,19,50,134,75,9,22,0,21,4,5,62,4,51,0,52,17,160,8,20,2,17,16,66,87,25,24,19,9,20,2,67,0,48,8,51,57,12,8,21,29,9,20,57,15,21,4,39,29,4,8,36,17,34,8,19,30,56,61,32,3,28,0,155,49,60,5,35,68,12,9,55,43,6,1,4,34,83,31,12,56,1,93,61,5,35,31,12,1,37,5,27,36,26,21,23,21
0,47,21,36,1,59,3,4,3,52,33,2,47,18,0,13,1,62,0,29,49,33,18,26,8,4,6,12,12,4,1,99,6,13,1,64,24,2,47,49,16,20,2,5,5,25,2,11,13,9,27,35,34,5,115,32,65,6,12,2,7,0,14,2,1,5,8,25,12,64,7,29,40,41,19,18,6,32,0,2,41,30,26,0,8,1,76,17,1,0,6,1,4,67,77,18,12,10,4,1,62,0,1,42,12,34,0,9,22,47,16,12,37,29,36,0,25,7,3,41,40,0,10,10,11,48,70,39,21,0,12,2,92,41,14,7,27,11,1,19,41,21,6,8,9,1,4,51,27,21,0,16,50,3,1,12,8,4,48,2,4,22,26,11,51,5
0,109,215,129,9,345,27,12,88,453,337,26,211,77,7,88,9,452,0,254,73,105,28,216,10,42,11,85,44,186,27,525,33,15,23,273,21,4,25,314,269,2,141,19,3,214,35,65,518,12,201,189,312,39,382,270,283,65,54,6,8,14,0,117,123,25,52,270,651,323,21,199,438,256,124,21,46,111,4,25,154,14,153,0,145,23,559,73,75,5,174,47,290,302,24,47,70,89,73,3,478,1,300,127,53,71,37,12,75,325,48,312,81,25,139,1,107,12,1,28,258,92,86,33,67,262,276,352,146,45,53,0,560,224,253,19,116,43,36,28,416,114,37,13,47,141,272,171,86,111,8,196,459,19,297,148,78,1,158,64,81,149,41,33,188,103
0,105,204,89,2,291,13,26,135,155,445,29,220,78,1,69,19,449,0,401,187,208,109,269,31,17,76,51,102,56,8,524,11,74,53,310,124,4,171,301,33,51,18,19,16,83,1,95,122,110,158,369,123,106,251,169,441,50,110,32,62,2,117,0,2,59,147,257,48,211,3,141,357,425,39,70,212,410,1,39,176,40,177,0,225,31,415,76,58,1,7,10,20,422,302,26,132,29,11,0,278,3,1,76,15,251,6,16,204,456,20,18,80,28,42,1,388,99,29,231,202,2,82,36,54,75,419,319,161,17,119,0,544,183,56,6,81,101,3,112,559,84,35,19,4,16,7,161,169,56,1,29,267,51,13,35,6,21,81,27,62,69,124,71,127,250
0,216,114,129,3,491,12,45,58,257,276,21,330,163,2,46,8,690,0,149,143,132,74,145,56,13,123,35,172,6,0,537,23,90,46,350,155,8,198,245,10,65,22,36,7,115,3,53,26,94,113,246,131,102,352,209,417,21,61,2,24,1,123,2,0,34,70,239,26,209,8,233,385,329,70,92,31,234,1,36,112,75,198,0,62,4,495,79,3,1,14,1,31,277,455,35,216,83,6,12,239,10,1,87,38,198,0,21,99,295,39,35,144,114,168,0,211,4,14,193,259,0,32,48,200,184,272,310,69,21,101,4,342,125,179,2,111,40,4,60,332,52,27,30,11,0,19,212,168,76,0,78,222,26,2,44,13,19,65,14,21,68,75,100,218,15
0,19,34,62,1,97,5,9,11,63,100,9,52,33,2,33,6,172,0,108,25,85,16,93,9,22,21,21,45,148,4,138,16,4,9,95,11,5,11,190,64,8,22,10,0,34,25,13,99,4,34,51,35,1,147,75,136,25,27,3,6,5,25,59,34,0,37,68,155,65,17,33,98,86,21,9,29,37,1,5,55,16,74,0,43,0,137,23,32,2,30,10,67,123,15,20,10,43,9,1,168,1,75,15,3,20,23,4,25,69,8,212,37,14,16,2,39,3,1,9,51,27,11,10,64,81,101,106,115,10,26,0,177,85,68,1,23,25,11,7,194,12,10,11,3,13,24,45,89,21,1,15,173,4,31,27,5,2,29,32,6,12,25,16,39,45
0,64,121,69,1,232,21,20,21,19,21,19,156,18,3,7,1,681,0,7,126,96,104,109,14,66,82,0,53,251,75,74,7,58,28,160,122,3,271,427,116,66,83,1,7,84,27,242,346,113,175,10,14,29,16,21,229,34,54,9,51,8,52,147,70,37,0,110,352,43,20,77,90,917,19,48,31,319,0,38,8,18,238,0,203,17,155,13,99,0,63,114,116,277,180,14,101,5,13,10,46,9,239,26,27,226,66,24,134,228,0,276,13,23,85,4,222,63,14,129,25,63,61,33,30,91,143,274,104,15,68,2,315,65,168,10,80,7,40,18,22,13,14,9,5,31,108,115,79,108,2,100,10,42,119,75,25,13,11,86,53,1,46,62,70,43
0,538,0,86,9,742,39,0,120,976,508,1,4,222,19,143,7,1068,0,340,497,17,92,142,69,44,155,157,93,387,56,1030,25,240,34,193,372,8,707,673,719,266,259,40,14,233,50,202,754,293,386,385,543,224,631,534,424,38,25,1,37,25,270,257,239,68,110,0,1786,762,41,61,816,413,92,149,25,435,1,54,308,151,296,0,267,21,1087,57,202,8,231,49,440,5,520,93,371,100,33,32,768,14,664,233,138,754,90,42,220,91,58,488,202,38,368,9,298,79,16,311,594,49,42,65,47,111,29,574,54,24,93,1,1100,337,662,46,6,82,61,173,673,150,11,2,0,221,578,17,99,370,11,412,712,8,594,38,17,61,264,73,8,256,97,41,1,77
0,760,861,855,18,988,73,41,401,1835,974,64,806,297,3,248,28,1542,0,797,804,505,170,950,93,336,237,287,235,55,24,1981,77,362,187,721,559,15,1034,827,368,774,109,86,26,481,4,316,199,429,887,744,1125,224,1133,910,1138,97,298,45,165,12,651,48,26,155,352,1786,0,1709,37,667,1295,1019,241,261,203,555,4,33,537,318,510,0,535,41,2316,203,135,4,102,25,147,1139,984,94,274,158,40,29,1246,5,8,310,228,1179,28,86,803,1378,109,161,496,163,692,4,441,198,25,477,656,4,181,116,143,852,1478,1037,359,36,168,8,2280,735,253,127,531,219,88,264,1453,317,189,48,203,21,161,853,449,268,5,284,1037,153,143,285,73,74,362,53,175,419,471,129,738,348
0,608,589,646,41,5,15,33,62,1084,401,24,635,1,23,2,8,1,0,171,782,221,122,450,78,458,199,215,178,298,96,1487,24,224,40,358,522,8,985,657,1076,702,519,16,15,430,73,12,613,349,787,815,745,158,1405,413,334,186,133,17,90,64,323,211,209,65,43,762,1709,0,380,220,762,234,45,231,36,297,3,0,717,253,53,0,0,19,37,74,541,6,321,40,529,875,731,160,212,3,132,15,3,1,259,20,0,1220,62,44,544,772,240,395,200,217,579,5,200,170,12,348,300,87,1,46,82,636,821,61,297,62,2,2,1,748,513,141,372,73,288,121,753,162,109,37,186,215,1084,636,168,708,4,553,759,99,919,154,239,22,0,73,94,453,594,56,423,4
0,229,65,102,14,428,24,20,9,239,192,4,234,73,0,35,1,195,0,102,324,38,28,58,20,5,13,43,43,0,0,318,0,75,3,242,188,3,417,240,30,34,6,8,4,187,2,13,7,97,220,270,166,48,641,98,149,1,33,3,19,7,21,3,8,17,20,41,37,380,0,25,554,96,27,77,1,61,0,3,212,27,44,1,53,3,411,12,1,0,38,3,39,266,275,87,53,26,41,10,254,0,2,371,67,482,1,27,31,82,158,18,235,108,304,0,86,5,1,273,73,0,8,16,30,143,189,95,16,5,28,1,344,398,19,25,93,24,2,55,117,89,21,12,6,3,29,189,20,141,1,105,303,12,14,41,391,5,45,3,29,74,43,15,104,3
0,317,41,65,3,571,22,5,88,319,192,0,24,125,22,55,9,706,0,165,202,40,29,182,25,22,53,110,102,256,21,635,30,133,39,181,200,2,313,361,450,165,148,29,3,163,13,189,525,148,207,110,252,87,502,417,213,41,46,7,50,29,199,141,233,33,77,61,667,220,25,0,658,232,34,70,3,165,3,27,117,41,237,0,198,10,453,24,145,4,175,35,236,37,175,35,270,68,10,16,336,8,462,64,150,218,69,35,114,71,25,238,68,29,85,3,132,24,5,257,448,29,39,33,32,67,30,332,46,13,39,0,604,222,313,8,11,79,25,264,234,189,9,4,0,169,418,70,151,86,5,307,264,36,267,42,7,77,120,57,78,187,30,30,5,42
0,677,537,541,12,1146,49,68,271,197,188,42,787,393,28,109,29,2220,0,104,557,319,175,520,100,373,344,33,373,1194,233,379,154,407,178,525,515,13,927,1758,733,371,347,25,26,577,60,365,888,450,520,171,104,310,381,120,712,288,257,22,134,40,438,357,385,98,90,816,1295,762,554,658,0,761,210,288,132,822,9,146,111,186,582,0,3120,23,1109,185,701,1,301,117,530,565,804,173,688,175,124,52,493,40,958,168,34,993,154,96,663,817,57,932,208,122,350,8,492,313,44,512,52,148,118,110,277,633,741,380,471,61,100,2,1488,270,960,45,260,26,170,230,335,60,90,62,53,468,386,772,500,347,20,626,169,81,459,265,96,89,461,192,223,17,366,173,393,105
0,315,583,354,8,391,34,37,208,1441,511,34,486,71,27,29,5,489,0,545,479,247,157,435,85,187,193,78,216,602,135,610,41,284,96,245,220,16,632,1082,772,343,312,5,9,212,79,214,669,386,407,141,1123,351,272,261,179,86,162,30,75,41,256,425,329,86,917,413,1019,234,96,232,761,2,63,230,22,635,21,0,129,99,286,0,142,55,472,70,234,7,231,109,444,668,633,79,392,23,28,21,120,19,486,41,1,688,275,54,312,468,17,733,36,57,277,6,418,185,41,368,573,98,17,25,106,415,593,148,326,68,34,0,455,547,549,38,176,364,132,54,571,410,88,25,96,442,484,477,186,326,11,703,214,54,756,152,163,15,22,139,162,1268,104,56,133,27
0,251,38,158,4,52,18,7,10,39,94,3,198,23,6,5,0,70,0,1013,186,20,23,174,29,9,26,23,25,159,9,269,7,96,2,53,102,3,133,231,159,65,62,4,4,168,4,16,294,78,198,82,51,73,156,64,100,48,27,2,9,19,124,39,70,21,19,92,241,45,27,34,210,63,0,54,7,86,1,0,37,50,45,0,13,19,80,167,80,0,22,13,171,71,123,13,108,24,30,10,30,7,139,10,3,230,11,12,57,131,2,279,21,25,77,2,67,8,7,72,263,58,78,14,14,227,121,38,63,15,10,3,88,52,149,20,46,17,21,24,93,34,26,17,20,69,104,115,77,91,1,90,134,5,173,48,36,8,14,13,25,11,13,15,93,16
0,9,216,71,7,196,23,15,93,333,139,7,166,80,10,59,3,233,0,132,18,59,12,134,1,61,17,53,42,146,16,304,14,4,16,114,24,2,5,196,257,26,146,13,0,51,19,51,187,13,66,124,216,7,252,136,174,56,35,12,22,18,21,70,92,9,48,149,261,231,77,70,288,230,54,0,7,86,5,36,120,9,101,1,81,14,343,43,95,2,99,32,100,299,15,48,47,47,17,6,292,1,97,120,49,31,15,3,45,101,61,98,98,55,70,3,35,17,0,11,92,27,66,24,27,109,185,89,58,9,43,0,377,162,147,8,62,54,68,10,148,58,31,15,32,119,206,173,38,101,1,168,288,21,137,111,61,2,82,20,45,132,54,31,89,22
0,31,38,10,1,136,4,6,1,26,241,6,13,35,0,11,7,240,0,149,116,53,50,97,10,7,12,13,80,173,6,225,5,49,18,15,127,0,163,215,182,11,39,3,12,49,46,41,146,31,94,291,31,1,68,74,76,5,13,13,0,6,46,212,31,29,31,25,203,36,1,3,132,22,7,7,0,189,0,0,40,5,37,0,20,2,156,2,49,0,17,11,90,96,72,0,113,12,2,0,69,1,167,3,4,82,84,7,66,102,3,93,9,4,19,1,180,16,11,45,140,12,8,15,25,5,104,146,50,18,47,0,101,69,129,2,13,16,8,32,274,12,2,2,0,8,23,36,38,21,6,12,79,0,36,4,1,9,17,41,19,1,23,12,1,14
